18446744073709551615
18446744073709551615
18446744073709551615
18446744073709551615
18446744073709551615
18446744073709551615
18446744073709551615
18446744073709551615
18446744073709551615
18446744073709551615
18446744073709551615
18446744073709551615
18446744073709551615
18446744073709551615
18446744073709551615
18446744073709551615
18446744073709551615
18446744073709551615
18446744073709551615
18446744073709551615
18446744073709551615
18446744073709551615
18446744073709551615
18446744073709551615
18446744073709551615
18446744073709551615
18446744073709551615
18446744073709551615
18446744073709551615
18446744073709551615
18446744073709551615
18446744073709551615
18446744073709551615
18446744073709551615
18446744073709551615
18446744073709551615
18446744073709551615
18446744073709551615
18446744073709551615
18446744073709551615
18446744073709551615
18446744073709551615
0
0
0
0
0
0
0
0
0
0
0
0
0
0
0
1
1
1
1
1
1
1
1
1
1
1
1
1
1
1
1
1
1
1
1
1
1
1
1
1
1
1
1
1
1
1
1
1
1
1
1
1
1
1
1
1
1
2
2
2
2
2
2
2
2
2
2
2
3
3
3
4
4
4
4
5
5
5
5
5
5
5
5
5
5
5
5
6
6
6
7
7
7
7
7
7
7
7
7
7
7
7
8
8
8
8
8
8
8
8
8
8
8
8
8
8
8
8
8
8
8
8
8
8
8
8
8
8
8
8
8
8
9
9
9
9
9
9
9
9
9
9
9
9
9
9
9
9
9
10
10
11
11
11
11
12
13
13
13
13
13
13
13
13
13
13
13
13
13
14
14
14
14
14
14
14
14
14
14
15
15
15
15
15
15
15
16
16
16
16
16
16
16
16
16
16
16
16
16
16
16
16
16
16
16
16
16
16
16
16
16
16
16
16
16
16
17
17
17
17
18
18
18
18
18
18
18
18
18
18
18
18
18
18
18
18
18
18
18
18
18
18
18
18
18
18
18
19
20
20
20
20
20
21
21
21
21
21
21
21
21
21
21
21
21
21
21
21
21
21
22
22
22
22
22
22
22
22
22
22
22
22
22
22
22
22
22
22
22
22
22
22
22
22
22
22
22
22
22
22
22
22
22
22
22
22
22
22
23
23
23
23
23
23
23
23
23
23
23
23
23
23
23
23
23
23
23
23
23
23
23
23
23
24
24
24
24
25
25
25
25
25
25
25
25
25
25
25
25
25
25
25
25
25
25
25
25
27
27
27
27
27
27
28
29
29
29
29
29
29
29
29
29
29
29
29
29
29
29
29
29
30
31
31
31
31
31
31
31
31
31
31
31
31
31
31
31
31
31
31
31
31
31
31
31
31
31
31
31
31
31
31
31
32
32
33
33
33
33
33
33
33
33
33
33
33
33
33
33
34
34
34
34
34
35
35
35
35
35
35
35
35
35
35
35
35
35
36
36
36
36
37
37
38
38
39
39
39
39
41
41
41
41
41
41
42
42
42
42
42
42
42
42
42
42
42
42
42
42
42
42
42
42
43
44
45
45
45
45
45
45
45
46
46
46
46
46
46
46
47
47
48
48
48
48
48
48
48
48
48
48
49
49
49
49
49
50
50
50
50
51
51
52
52
52
52
52
52
53
53
53
53
53
53
53
54
55
55
55
55
56
56
56
57
57
57
57
57
58
58
58
58
59
59
59
59
59
59
60
60
60
60
60
60
60
60
60
60
60
60
60
60
60
62
62
64
64
65
65
65
66
68
68
68
68
68
68
68
68
69
69
69
69
69
69
70
70
70
70
70
70
70
70
70
70
70
70
70
70
70
71
71
71
72
72
72
72
72
72
72
72
72
72
72
73
74
74
75
75
75
76
77
78
78
79
79
79
79
79
80
80
80
80
80
80
81
82
82
82
83
83
83
83
83
83
83
84
84
84
84
85
85
85
85
87
87
87
87
87
87
87
87
87
88
88
88
88
88
88
88
88
89
89
89
89
89
89
89
89
89
89
89
89
89
89
90
91
91
91
91
91
91
92
93
94
94
94
94
94
94
94
94
94
94
94
94
94
94
94
94
94
94
95
95
95
95
95
95
95
95
95
96
96
96
96
96
96
96
96
98
98
98
98
98
98
98
98
98
98
98
98
98
98
98
98
98
98
98
98
99
99
99
99
99
99
99
99
101
103
105
105
106
106
106
106
106
106
106
106
106
106
107
108
108
108
108
108
108
109
109
109
109
109
109
109
109
109
109
109
109
110
110
111
111
111
111
111
111
111
111
111
111
112
112
113
113
114
114
114
114
114
114
114
115
115
115
115
116
116
116
116
116
116
116
116
116
116
116
116
117
117
118
119
119
119
119
119
121
121
121
121
121
121
121
121
122
122
122
122
122
122
122
122
122
122
122
122
122
122
122
123
123
123
123
124
124
124
124
124
124
124
124
124
124
124
124
124
125
125
125
126
126
126
126
126
126
126
126
127
127
127
127
127
130
131
131
133
134
134
134
134
134
134
134
134
134
136
136
137
137
137
137
137
137
137
137
138
138
138
138
139
140
142
142
142
144
144
144
144
145
145
145
145
145
147
147
147
148
148
148
148
149
150
150
150
150
150
150
150
151
151
151
152
152
152
152
154
154
154
154
154
154
154
154
154
155
155
155
155
155
155
155
155
156
156
156
156
157
157
157
157
157
157
157
157
157
157
157
157
157
157
157
157
157
157
157
157
157
158
159
160
161
161
162
163
163
163
163
166
166
166
166
166
166
166
166
166
166
166
166
166
166
166
166
167
168
168
168
168
168
168
168
169
169
169
169
169
169
170
170
172
172
172
172
172
172
172
172
172
172
172
173
173
173
173
173
173
173
173
173
173
173
174
174
174
174
174
174
175
175
175
175
175
175
175
177
178
180
181
181
183
183
184
184
184
184
184
186
186
186
188
188
188
189
189
189
190
191
192
193
193
193
193
193
194
194
195
196
197
197
198
200
202
203
205
205
206
206
206
206
206
206
208
208
208
208
209
209
209
209
210
211
211
211
212
213
214
214
214
214
214
215
215
216
218
218
218
219
219
221
221
221
221
221
221
221
221
222
224
224
225
225
225
226
227
228
229
229
229
229
230
231
231
231
232
232
232
232
233
234
237
237
237
237
237
238
238
238
239
240
240
241
241
241
241
241
241
241
241
243
243
244
244
244
244
244
245
246
246
246
246
247
247
248
248
249
249
249
249
249
249
249
249
249
250
250
251
251
251
251
251
251
251
251
251
251
251
251
251
251
252
253
254
254
254
255
255
255
256
256
257
257
257
257
258
259
259
259
259
259
260
260
260
261
263
263
263
263
264
264
264
265
266
267
267
267
268
268
268
269
269
270
270
270
271
271
271
273
274
274
274
274
276
276
276
276
276
276
277
278
279
279
279
279
280
280
281
282
283
284
286
287
287
287
288
289
289
289
291
291
291
291
291
291
291
291
292
292
293
293
295
295
295
295
296
297
298
299
299
299
299
300
300
300
301
302
304
304
304
304
305
307
308
308
309
309
310
311
311
311
311
311
311
312
312
312
312
312
312
312
312
314
314
315
316
316
317
317
318
318
319
319
319
319
319
319
319
319
319
321
321
321
321
321
322
322
324
324
325
325
326
326
326
326
327
327
327
327
327
327
327
327
328
329
330
330
331
331
331
332
332
333
333
333
333
334
334
335
336
336
337
338
338
339
340
340
340
341
342
342
342
342
342
342
342
343
344
344
346
346
346
346
346
346
346
346
346
346
347
349
349
349
349
349
349
350
350
351
351
351
352
353
353
353
354
354
354
355
355
356
356
357
357
357
358
359
360
361
361
362
362
364
365
367
368
368
368
368
369
370
370
370
371
372
373
374
375
375
375
376
376
377
377
380
380
380
380
381
381
382
382
383
384
384
385
385
385
385
385
388
388
388
388
388
389
389
389
389
391
391
391
391
393
394
396
396
397
397
398
398
398
398
398
399
399
399
400
401
401
402
402
402
402
404
406
406
406
406
406
406
407
407
407
407
407
407
407
407
407
409
410
411
413
414
414
415
415
416
416
416
416
417
418
418
418
419
420
421
421
422
423
423
423
423
424
424
424
425
425
425
426
426
426
427
427
427
428
429
429
430
430
430
430
430
431
431
432
432
432
432
432
433
434
434
435
435
435
437
441
441
441
441
441
442
443
444
444
444
446
449
449
450
450
450
450
450
451
451
452
452
453
453
453
453
454
454
456
457
457
458
458
458
460
461
461
461
461
462
463
464
464
465
465
468
468
469
470
471
473
474
475
475
476
477
477
477
478
478
478
478
481
482
486
486
486
487
489
490
491
492
493
494
494
494
494
495
495
496
496
498
498
498
499
499
500
501
502
503
503
504
504
504
504
505
507
508
509
509
510
512
512
513
513
513
513
513
514
514
514
516
518
519
519
520
520
520
520
520
520
520
520
520
521
522
523
523
525
526
526
527
528
528
528
528
528
528
529
531
531
531
531
532
532
532
532
533
533
534
535
535
536
537
538
538
538
539
540
541
541
541
541
543
543
544
544
544
546
547
547
549
549
550
550
551
551
552
555
555
556
557
557
557
559
559
559
559
559
559
560
561
562
562
563
568
569
569
571
572
572
572
572
572
573
574
577
578
579
579
580
580
581
581
582
582
583
583
585
585
585
585
586
586
586
586
588
589
590
590
592
593
593
593
593
593
593
593
593
595
598
599
601
603
604
605
605
606
606
607
607
607
607
607
608
609
609
609
609
609
610
610
611
611
612
613
613
614
616
616
617
617
617
618
618
618
618
618
618
621
622
622
622
622
623
625
628
628
628
628
629
629
630
630
632
633
633
633
633
633
633
633
634
634
634
635
636
636
638
638
641
642
642
642
644
645
645
646
647
647
648
648
649
651
652
653
654
654
655
655
656
658
659
659
660
660
661
662
665
666
666
667
668
668
668
669
669
669
671
671
671
671
671
671
672
674
674
674
675
675
675
677
678
679
680
683
683
683
685
685
686
686
687
687
687
687
687
687
689
690
693
694
695
695
695
695
696
696
697
697
697
698
698
699
699
700
700
700
701
703
703
703
704
705
705
706
707
708
709
709
710
711
715
715
716
716
716
716
717
718
721
722
724
724
726
726
729
729
730
733
733
735
737
738
738
739
740
740
741
741
741
742
742
742
743
743
745
746
747
748
750
750
750
751
752
752
753
754
754
755
757
759
759
761
761
761
761
762
763
764
765
765
766
766
766
768
769
769
772
774
775
775
776
776
777
778
780
780
781
782
783
783
785
788
788
789
791
792
795
795
795
796
797
798
799
799
799
800
800
800
800
801
801
803
804
804
804
805
806
808
808
808
808
808
809
809
809
810
811
812
813
814
814
815
815
815
815
816
817
817
819
820
820
820
820
820
820
820
822
824
825
825
826
826
826
826
828
829
830
830
833
834
836
836
837
839
840
840
841
842
843
843
843
844
844
844
844
844
844
844
844
844
845
845
846
847
848
848
848
848
848
849
850
850
851
851
853
854
854
854
854
855
855
855
856
859
860
861
862
864
864
866
866
867
869
871
871
871
871
872
872
873
873
874
875
875
875
878
878
881
883
883
885
886
888
888
891
891
891
891
894
894
895
896
896
897
897
898
898
900
901
904
905
906
908
909
911
911
913
913
919
920
920
921
922
922
922
924
925
926
928
929
929
931
931
932
934
935
938
939
939
940
943
945
946
946
949
950
950
951
951
954
954
955
956
959
960
961
963
963
963
964
964
967
968
969
972
974
977
978
979
979
980
983
986
986
987
988
988
990
990
990
990
990
991
991
991
991
991
993
993
994
995
996
996
997
998
998
1000
1000
1002
1002
1004
1005
1005
1005
1008
1009
1010
1010
1011
1013
1014
1014
1016
1017
1017
1018
1018
1020
1022
1023
1024
1026
1027
1027
1027
1027
1028
1028
1030
1031
1031
1032
1033
1035
1037
1037
1038
1038
1039
1042
1043
1045
1045
1045
1047
1048
1048
1049
1050
1052
1054
1056
1056
1056
1057
1058
1058
1060
1060
1060
1061
1062
1064
1064
1064
1065
1066
1067
1068
1068
1069
1070
1070
1071
1072
1073
1074
1076
1076
1076
1076
1076
1077
1079
1079
1080
1081
1081
1081
1081
1081
1082
1084
1084
1085
1087
1087
1088
1090
1093
1093
1093
1094
1095
1095
1097
1098
1100
1100
1100
1100
1101
1102
1105
1105
1105
1105
1107
1108
1108
1108
1108
1108
1109
1110
1111
1112
1114
1115
1117
1118
1118
1118
1119
1122
1123
1125
1127
1128
1129
1131
1132
1133
1134
1135
1137
1138
1141
1141
1141
1142
1143
1143
1143
1143
1145
1145
1146
1147
1147
1147
1147
1147
1147
1148
1148
1151
1151
1154
1154
1154
1154
1154
1154
1155
1156
1157
1157
1158
1159
1159
1159
1161
1162
1162
1162
1164
1165
1166
1166
1167
1167
1168
1168
1168
1169
1169
1173
1175
1176
1176
1176
1179
1180
1180
1180
1180
1180
1182
1183
1183
1184
1186
1187
1188
1189
1190
1190
1192
1196
1198
1199
1200
1200
1202
1205
1205
1208
1208
1208
1208
1210
1210
1210
1210
1210
1211
1212
1213
1213
1214
1214
1214
1216
1216
1217
1220
1220
1220
1221
1221
1222
1223
1224
1226
1226
1227
1227
1228
1231
1233
1235
1235
1237
1238
1238
1238
1240
1241
1242
1244
1245
1245
1245
1246
1248
1248
1250
1251
1251
1251
1252
1254
1254
1257
1262
1263
1265
1266
1266
1269
1270
1271
1273
1275
1276
1279
1280
1280
1281
1281
1284
1286
1288
1289
1290
1293
1293
1295
1295
1295
1295
1296
1296
1298
1298
1298
1298
1298
1298
1300
1302
1305
1306
1307
1308
1308
1310
1311
1312
1312
1313
1314
1314
1315
1317
1318
1318
1318
1318
1318
1318
1320
1320
1322
1324
1326
1326
1327
1328
1329
1330
1331
1336
1338
1338
1339
1340
1342
1343
1344
1345
1348
1348
1348
1348
1348
1348
1350
1350
1353
1354
1356
1357
1359
1360
1361
1361
1361
1362
1363
1367
1367
1370
1371
1371
1373
1374
1374
1374
1374
1374
1375
1375
1375
1376
1377
1378
1379
1379
1380
1380
1380
1380
1380
1381
1381
1383
1383
1385
1385
1387
1387
1387
1387
1387
1387
1390
1390
1391
1393
1394
1395
1397
1398
1398
1399
1399
1400
1401
1401
1402
1402
1403
1404
1405
1406
1406
1407
1409
1409
1409
1410
1412
1412
1413
1414
1415
1415
1415
1418
1418
1419
1419
1421
1421
1422
1424
1429
1430
1432
1433
1434
1434
1434
1435
1435
1437
1439
1439
1445
1445
1447
1447
1450
1450
1452
1455
1456
1457
1458
1458
1460
1461
1463
1464
1465
1465
1466
1470
1470
1471
1471
1472
1472
1472
1472
1474
1475
1475
1477
1479
1479
1480
1480
1480
1482
1485
1485
1486
1486
1488
1488
1488
1491
1493
1496
1496
1496
1497
1498
1498
1498
1498
1500
1501
1501
1503
1505
1507
1508
1508
1510
1510
1510
1511
1513
1513
1513
1515
1515
1516
1517
1519
1520
1521
1524
1524
1524
1526
1527
1527
1528
1529
1530
1531
1533
1534
1534
1535
1536
1537
1538
1539
1540
1540
1540
1540
1541
1542
1542
1543
1543
1543
1545
1546
1546
1548
1550
1552
1552
1554
1555
1558
1559
1560
1561
1562
1564
1564
1566
1566
1567
1567
1567
1568
1568
1568
1569
1569
1570
1571
1573
1573
1574
1576
1578
1578
1579
1582
1583
1586
1587
1587
1590
1591
1591
1593
1593
1594
1594
1596
1597
1599
1601
1601
1602
1605
1608
1608
1611
1614
1615
1615
1618
1619
1619
1622
1623
1626
1627
1627
1628
1629
1630
1633
1635
1636
1637
1637
1639
1642
1643
1644
1645
1646
1647
1648
1649
1651
1651
1652
1654
1655
1656
1657
1657
1657
1657
1658
1660
1661
1662
1665
1665
1668
1669
1669
1670
1671
1672
1672
1673
1674
1676
1677
1677
1680
1680
1680
1681
1683
1683
1683
1686
1687
1692
1692
1695
1697
1698
1699
1699
1699
1699
1700
1701
1705
1706
1707
1709
1709
1712
1712
1712
1715
1716
1719
1719
1720
1722
1724
1726
1726
1728
1730
1732
1733
1734
1736
1739
1740
1740
1741
1742
1742
1742
1743
1743
1743
1743
1743
1743
1747
1748
1748
1748
1749
1750
1752
1752
1752
1753
1753
1758
1759
1760
1762
1763
1763
1764
1767
1768
1770
1771
1773
1774
1775
1775
1778
1778
1778
1779
1780
1782
1783
1786
1786
1786
1788
1789
1791
1792
1792
1793
1793
1795
1798
1798
1800
1800
1800
1801
1802
1803
1804
1804
1805
1807
1808
1810
1810
1811
1812
1812
1813
1813
1813
1813
1813
1813
1816
1817
1818
1820
1821
1824
1825
1825
1826
1828
1828
1829
1829
1830
1833
1834
1834
1835
1837
1837
1838
1839
1840
1841
1842
1843
1843
1844
1845
1845
1845
1847
1848
1849
1849
1849
1852
1854
1855
1858
1860
1860
1860
1860
1862
1862
1863
1864
1864
1864
1864
1868
1871
1874
1874
1876
1876
1879
1880
1881
1881
1888
1889
1890
1891
1891
1893
1895
1895
1895
1897
1899
1899
1899
1902
1902
1902
1903
1905
1905
1906
1907
1908
1909
1909
1911
1913
1915
1915
1915
1917
1919
1926
1927
1928
1929
1930
1930
1931
1932
1932
1933
1933
1935
1939
1941
1942
1943
1943
1943
1943
1943
1943
1943
1944
1945
1946
1947
1948
1948
1948
1948
1949
1950
1950
1950
1950
1951
1954
1954
1958
1959
1960
1960
1963
1964
1967
1967
1969
1971
1971
1974
1974
1975
1975
1975
1977
1977
1978
1979
1980
1982
1985
1988
1989
1992
1994
1994
1994
1995
1996
1997
1999
1999
2000
2002
2003
2003
2006
2008
2008
2009
2010
2011
2012
2012
2014
2014
2016
2016
2016
2017
2018
2018
2020
2022
2023
2023
2024
2024
2024
2026
2026
2027
2027
2027
2027
2028
2030
2032
2035
2038
2038
2041
2043
2045
2046
2047
2049
2052
2055
2057
2057
2057
2058
2059
2059
2059
2060
2060
2062
2064
2064
2064
2066
2066
2067
2067
2068
2070
2070
2071
2071
2077
2081
2082
2084
2085
2085
2086
2088
2088
2089
2091
2092
2093
2093
2093
2094
2096
2097
2097
2100
2103
2103
2104
2106
2106
2106
2106
2107
2107
2108
2108
2108
2109
2111
2113
2116
2117
2118
2118
2119
2120
2121
2125
2126
2127
2128
2129
2129
2129
2130
2131
2131
2132
2133
2137
2139
2142
2143
2145
2148
2149
2152
2153
2154
2155
2156
2159
2160
2161
2162
2162
2163
2164
2165
2166
2168
2170
2171
2171
2172
2174
2174
2174
2174
2175
2176
2176
2176
2177
2179
2180
2180
2180
2180
2182
2182
2184
2184
2186
2189
2189
2190
2193
2193
2195
2197
2199
2201
2203
2205
2205
2206
2208
2210
2210
2211
2213
2215
2215
2216
2217
2217
2217
2217
2219
2222
2223
2223
2223
2224
2226
2228
2231
2232
2234
2234
2235
2236
2236
2238
2238
2239
2240
2240
2241
2244
2244
2246
2247
2247
2249
2251
2252
