18446744073709551615
18446744073709551615
18446744073709551615
18446744073709551615
18446744073709551615
18446744073709551615
18446744073709551615
18446744073709551615
18446744073709551615
18446744073709551615
18446744073709551615
18446744073709551615
18446744073709551615
18446744073709551615
18446744073709551615
18446744073709551615
18446744073709551615
18446744073709551615
18446744073709551615
18446744073709551615
18446744073709551615
18446744073709551615
18446744073709551615
18446744073709551615
18446744073709551615
18446744073709551615
18446744073709551615
18446744073709551615
18446744073709551615
18446744073709551615
18446744073709551615
18446744073709551615
18446744073709551615
18446744073709551615
18446744073709551615
18446744073709551615
18446744073709551615
18446744073709551615
18446744073709551615
18446744073709551615
18446744073709551615
18446744073709551615
18446744073709551615
18446744073709551615
18446744073709551615
18446744073709551615
18446744073709551615
18446744073709551615
18446744073709551615
18446744073709551615
18446744073709551615
18446744073709551615
18446744073709551615
18446744073709551615
18446744073709551615
18446744073709551615
18446744073709551615
18446744073709551615
18446744073709551615
18446744073709551615
18446744073709551615
18446744073709551615
18446744073709551615
18446744073709551615
18446744073709551615
18446744073709551615
18446744073709551615
18446744073709551615
18446744073709551615
18446744073709551615
18446744073709551615
18446744073709551615
18446744073709551615
18446744073709551615
18446744073709551615
18446744073709551615
18446744073709551615
18446744073709551615
0
0
0
0
0
0
0
0
0
0
0
0
1
1
1
1
1
1
1
1
1
1
1
1
1
1
1
1
1
1
2
2
2
2
2
2
2
2
2
2
2
3
3
3
3
3
3
3
3
3
3
3
3
3
3
3
3
3
3
3
3
3
4
4
4
4
4
4
4
4
4
4
4
4
4
4
5
5
5
5
5
5
5
5
5
5
5
5
5
5
5
5
5
5
5
5
5
5
5
5
5
5
5
5
5
5
5
5
5
5
5
5
5
5
5
5
5
5
5
5
5
5
5
5
5
5
5
5
5
5
5
5
5
5
5
5
5
5
5
6
6
6
6
6
6
6
6
6
6
6
6
6
6
6
6
6
6
6
6
6
6
6
6
6
6
6
6
6
6
6
6
6
6
6
6
6
6
6
6
6
6
6
6
6
6
6
6
6
6
6
6
6
6
6
6
6
6
6
6
6
6
6
6
6
6
6
6
6
7
7
7
7
7
7
7
7
7
7
7
7
7
7
7
7
7
7
7
7
7
8
8
8
8
8
8
8
8
9
9
9
9
11
11
11
12
12
12
12
12
12
12
12
12
13
13
13
13
13
13
13
13
13
13
13
13
13
13
13
13
13
14
14
14
14
14
14
14
14
14
14
14
14
14
14
14
15
15
15
15
15
15
15
15
16
16
17
17
17
17
17
17
17
17
17
17
18
18
18
18
18
18
18
18
18
18
18
18
18
18
18
18
18
18
18
18
18
18
19
19
19
19
19
19
19
19
19
19
19
19
19
19
19
19
19
19
19
19
20
21
22
22
22
22
22
22
22
22
22
22
22
22
22
22
22
22
22
22
22
22
22
22
22
22
22
22
22
22
22
22
22
22
22
22
22
22
22
22
22
22
22
22
22
22
22
22
22
23
23
23
23
23
23
23
23
23
23
23
23
23
23
23
23
23
23
24
24
24
24
24
24
24
25
25
25
25
25
25
25
25
25
25
25
25
25
25
25
25
25
25
25
25
25
25
25
25
26
26
26
26
26
26
26
26
26
26
26
26
26
26
26
26
27
27
27
27
27
27
27
27
27
27
27
27
27
27
27
27
27
27
27
27
27
27
29
29
29
31
31
31
31
31
31
32
32
32
32
32
32
32
32
32
32
32
32
32
33
33
33
33
33
33
33
33
33
33
34
35
35
35
35
35
35
35
35
35
35
35
35
35
35
36
36
37
38
38
38
38
38
38
38
38
38
39
39
39
39
40
40
40
40
40
40
40
40
41
41
41
41
41
41
41
41
41
41
41
41
41
41
41
41
41
41
42
43
43
43
43
43
43
44
44
44
44
45
46
46
46
46
46
46
46
47
47
47
47
47
47
47
47
47
47
47
47
47
47
48
48
48
48
48
48
48
48
48
48
48
48
48
48
48
48
48
48
49
49
49
49
49
49
49
49
49
49
49
50
50
50
50
50
50
50
52
53
53
54
54
54
54
54
54
54
54
54
54
54
54
54
54
54
55
55
55
55
56
56
56
56
56
56
56
56
56
56
57
57
57
58
58
58
58
58
58
58
58
58
58
58
58
58
58
58
58
58
58
58
58
58
58
59
59
59
59
59
60
60
60
60
60
60
60
61
61
61
61
61
61
61
61
63
63
63
64
64
64
64
64
64
64
64
64
64
65
65
65
65
65
65
65
65
65
65
65
65
65
66
67
67
68
68
68
69
69
69
69
69
69
69
71
71
72
72
73
73
74
74
74
74
74
74
75
75
75
75
75
75
75
75
76
76
77
77
77
77
77
77
77
77
77
77
77
77
77
77
77
77
77
77
79
80
80
80
80
80
80
80
81
81
81
81
81
82
82
82
84
84
85
85
85
85
85
85
85
85
85
86
86
86
86
86
86
86
86
86
86
87
87
87
87
88
88
88
88
89
89
89
90
92
92
92
92
93
93
93
94
94
94
95
95
95
96
97
97
97
98
98
99
99
99
100
100
100
100
100
100
100
100
100
100
101
101
101
101
101
101
101
101
101
102
102
102
103
103
103
103
103
103
103
103
103
103
103
104
104
104
104
104
105
105
105
105
105
105
106
106
107
107
107
107
108
108
109
110
110
110
111
111
111
111
111
112
112
113
113
114
115
115
116
116
116
116
116
116
116
117
117
117
117
117
117
117
118
118
119
119
119
120
120
120
120
121
123
123
123
123
124
124
124
124
124
125
125
125
125
125
125
125
125
126
126
126
126
127
127
127
127
127
127
127
127
127
127
127
128
129
129
129
131
131
131
131
131
131
131
131
131
131
131
131
131
131
131
131
131
131
131
131
131
131
131
131
131
131
131
131
131
132
132
133
133
133
134
134
134
134
134
134
134
135
135
135
136
136
137
137
138
138
140
140
140
141
141
141
141
141
141
142
143
144
145
145
146
146
146
147
147
147
147
147
148
150
150
150
150
150
150
150
150
150
150
150
150
150
150
150
150
150
150
150
151
151
151
151
151
152
152
152
152
152
153
153
153
153
153
153
154
154
154
154
154
154
154
154
154
154
154
154
156
156
156
156
156
157
157
158
158
158
158
160
162
162
163
163
165
165
165
165
165
165
165
165
165
165
165
165
165
165
165
166
166
166
166
166
166
166
168
168
168
170
171
171
171
171
172
172
173
174
174
174
175
175
175
176
177
177
177
177
177
177
177
177
177
177
178
178
179
181
181
181
181
182
182
182
182
182
182
182
182
182
182
183
184
184
184
184
184
184
184
184
184
184
184
184
185
185
186
186
186
186
187
187
188
188
189
189
191
191
191
191
191
191
191
192
192
192
192
192
192
193
193
193
193
194
194
195
195
196
196
196
197
197
197
197
197
197
197
197
197
197
197
197
197
197
197
197
197
197
198
198
199
199
199
199
200
200
200
200
200
200
200
200
200
201
201
201
202
203
205
205
206
206
206
206
206
207
208
209
209
209
209
209
210
210
211
211
211
212
212
212
213
214
214
215
215
215
215
216
216
216
217
217
217
217
218
218
218
218
218
219
219
220
220
220
220
220
222
222
222
223
223
223
225
226
226
226
226
226
227
227
227
227
227
227
228
228
229
229
229
230
231
232
232
232
232
232
232
232
232
232
233
233
233
233
233
233
234
235
235
236
237
237
237
237
237
237
237
237
239
240
240
240
241
244
245
245
245
245
245
245
246
247
247
247
248
249
249
249
250
252
252
252
253
253
253
253
253
253
253
253
253
253
254
255
255
255
255
255
256
256
257
259
260
260
260
260
261
261
261
261
261
261
261
261
261
261
262
263
263
264
264
264
264
264
264
264
264
264
265
265
265
265
265
265
266
266
267
267
267
268
268
268
268
268
268
269
269
269
269
269
269
269
269
272
272
272
272
272
272
273
273
273
274
274
274
274
274
274
275
275
275
275
275
275
275
276
276
276
276
276
279
279
279
279
279
279
279
280
280
280
280
280
281
281
281
282
284
284
285
286
287
287
287
287
287
287
288
288
288
288
288
288
289
290
290
291
291
292
292
293
293
293
293
294
295
297
297
297
297
297
298
298
300
300
300
300
300
300
300
300
301
301
302
302
302
302
303
304
304
304
305
305
307
308
309
309
310
310
310
310
310
310
310
311
311
311
312
315
315
315
316
316
316
316
316
316
316
316
316
318
318
320
320
321
322
322
322
322
322
323
325
325
325
325
325
325
325
329
329
331
332
333
333
336
336
336
338
338
342
342
344
345
345
345
345
346
346
346
347
347
347
347
347
347
348
349
351
351
351
351
351
352
353
353
353
353
353
354
355
355
355
355
357
357
357
357
357
357
357
359
359
360
360
360
360
361
363
363
363
364
364
364
365
366
366
366
368
368
369
369
370
371
371
372
372
372
372
373
374
374
374
374
374
375
376
376
376
378
380
380
382
383
385
386
387
388
388
389
389
389
389
391
391
393
394
394
395
395
395
395
395
396
396
396
396
397
398
398
399
399
399
399
399
399
399
400
400
401
403
403
403
403
403
403
403
403
403
405
405
406
406
407
407
407
408
408
409
409
409
410
410
410
410
412
412
413
413
413
413
413
414
414
415
416
417
417
417
417
418
419
419
420
420
421
421
421
423
425
425
425
428
428
429
429
429
430
430
430
431
431
432
433
434
434
434
435
436
437
439
439
439
440
440
440
441
442
442
442
442
443
443
444
444
444
447
447
449
449
449
450
450
451
451
451
451
451
451
451
452
453
453
455
457
457
459
459
460
460
461
461
461
463
463
463
465
466
466
467
467
469
469
469
470
472
472
472
472
472
472
474
475
475
476
476
476
477
477
477
477
477
480
480
483
484
484
485
485
485
485
486
486
487
487
487
489
490
490
490
491
491
491
493
496
496
498
498
498
498
500
501
502
504
504
505
506
506
506
506
506
507
509
509
510
510
511
511
511
512
512
513
515
516
516
517
518
520
520
520
520
520
521
522
523
523
523
523
523
523
523
524
526
526
529
529
529
530
531
531
531
531
531
531
531
531
532
532
533
534
535
538
538
538
540
540
541
541
541
542
542
542
544
544
545
545
545
545
546
546
546
547
547
548
550
550
550
550
551
552
552
553
553
553
553
553
553
554
556
556
558
558
559
560
560
561
562
562
563
563
564
564
564
565
565
565
565
567
567
569
570
570
570
570
571
571
571
571
571
572
572
573
573
573
575
575
575
576
577
577
577
578
579
581
581
581
581
581
581
581
583
585
585
585
586
586
586
586
586
587
587
588
589
591
591
591
591
592
592
593
593
593
593
593
593
595
595
596
596
596
598
599
600
600
601
603
603
604
605
607
608
609
609
609
609
609
609
609
610
611
612
612
613
613
613
613
614
614
615
615
616
617
617
617
617
617
617
617
617
620
620
621
621
621
621
621
621
621
622
622
624
624
624
624
624
624
624
624
625
625
625
626
626
626
627
627
628
629
630
630
630
631
631
632
635
635
635
635
637
637
637
637
637
637
637
638
639
639
639
639
639
641
642
642
642
642
644
644
644
644
644
646
647
647
647
648
649
649
649
649
650
651
652
652
652
652
653
654
655
655
655
656
656
657
658
658
658
658
658
658
659
659
659
659
659
659
659
659
660
661
661
662
663
666
666
670
670
670
670
670
670
670
670
670
671
671
672
672
674
676
676
676
678
681
681
682
683
684
684
684
686
686
686
687
689
690
691
692
692
692
692
694
695
695
696
697
697
697
698
699
702
702
703
703
703
703
703
705
705
705
709
709
710
710
712
713
716
716
716
717
718
720
721
721
722
724
725
725
726
730
730
730
731
732
734
735
736
736
738
738
738
738
739
740
740
740
740
740
741
741
742
742
743
744
744
744
744
744
744
745
746
746
746
746
748
749
750
750
751
751
752
752
752
753
753
753
753
753
753
754
755
756
756
756
756
760
760
761
761
762
763
763
764
765
766
767
767
767
767
767
767
769
770
772
772
772
773
775
775
775
776
776
776
776
776
776
778
779
780
781
781
783
785
788
789
789
790
790
792
792
794
794
795
795
795
795
795
795
797
798
799
800
802
802
802
803
803
803
803
803
803
803
805
806
806
806
806
808
809
809
809
809
810
810
812
813
813
813
813
813
813
813
815
816
816
817
818
820
820
820
820
821
821
821
822
823
823
823
823
824
824
824
824
824
824
825
827
829
830
831
831
831
831
833
833
834
834
834
835
836
837
838
839
839
841
841
841
842
843
845
845
845
846
846
846
846
846
846
846
848
848
848
849
850
852
854
854
855
855
856
857
857
858
858
859
859
859
859
861
861
862
862
865
865
867
868
868
868
868
868
869
870
872
873
873
874
874
876
876
878
879
879
879
879
880
880
881
882
882
883
884
884
884
886
886
886
886
887
887
887
888
888
890
890
890
890
890
890
890
891
892
893
893
893
893
893
893
894
894
894
894
897
898
898
898
898
898
898
898
898
898
898
898
902
902
903
903
905
906
906
908
908
908
909
909
910
910
912
913
913
913
914
914
914
914
914
915
915
916
917
918
918
918
919
920
921
922
922
924
925
925
928
928
929
929
930
930
930
930
932
932
933
933
933
933
934
934
934
936
936
936
936
936
937
937
938
938
939
941
941
942
944
944
944
944
944
945
945
945
945
945
946
946
947
947
947
947
947
948
948
948
949
951
952
953
953
953
954
956
956
958
960
963
964
965
965
965
966
968
968
968
968
969
970
971
972
973
974
974
975
975
977
977
977
978
980
980
981
982
982
982
982
982
984
984
984
984
984
984
985
985
985
985
986
986
986
987
988
988
989
990
990
990
992
994
994
995
997
999
999
999
1000
1002
1004
1007
1010
1013
1013
1014
1015
1017
1019
1020
1021
1021
1021
1021
1021
1021
1023
1024
1025
1026
1026
1026
1027
1027
1028
1028
1030
1030
1030
1031
1032
1034
1036
1036
1036
1036
1036
1036
1037
1039
1039
1039
1040
1041
1044
1045
1047
1047
1048
1050
1051
1051
1053
1055
1057
1057
1058
1058
1060
1060
1061
1062
1063
1064
1064
1065
1066
1067
1068
1068
1069
1069
1070
1070
1070
1073
1075
1076
1076
1076
1076
1078
1079
1079
1079
1082
1083
1083
1083
1085
1085
1086
1087
1089
1092
1092
1092
1094
1095
1095
1095
1095
1096
1096
1096
1096
1097
1097
1099
1099
1100
1100
1101
1103
1104
1104
1104
1105
1106
1106
1106
1106
1106
1107
1107
1109
1109
1109
1109
1110
1110
1111
1113
1114
1115
1116
1117
1117
1117
1118
1119
1119
1119
1119
1119
1119
1121
1121
1121
1121
1121
1121
1123
1125
1127
1127
1129
1129
1129
1131
1132
1133
1133
1133
1134
1135
1135
1135
1135
1137
1138
1138
1140
1142
1144
1144
1144
1145
1146
1147
1147
1149
1149
1151
1152
1153
1153
1156
1157
1159
1161
1161
1162
1164
1164
1165
1166
1166
1166
1166
1168
1171
1172
1172
1173
1174
1175
1176
1176
1177
1177
1178
1180
1182
1183
1184
1185
1185
1185
1186
1186
1187
1188
1189
1190
1192
1192
1192
1194
1196
1197
1199
1199
1200
1200
1200
1204
1205
1207
1208
1209
1209
1210
1211
1213
1213
1214
1214
1214
1214
1215
1216
1216
1216
1217
1217
1217
1217
1217
1217
1217
1217
1218
1219
1221
1222
1222
1223
1223
1224
1225
1227
1227
1228
1228
1229
1229
1229
1229
1229
1230
1232
1232
1233
1233
1235
1236
1236
1236
1236
1238
1238
1238
1239
1240
1241
1242
1243
1243
1244
1245
1246
1246
1248
1249
1251
1251
1253
1253
1253
1253
1253
1253
1253
1253
1253
1254
1255
1255
1256
1258
1258
1259
1260
1262
1262
1262
1263
1264
1266
1268
1269
1269
1269
1269
1269
1269
1269
1269
1270
1270
1271
1271
1272
1272
1272
1272
1272
1272
1272
1274
1275
1275
1276
1277
1277
1278
1278
1279
1280
1280
1283
1284
1286
1286
1287
1287
1287
1288
1289
1290
1292
1292
1295
1295
1296
1298
1300
1301
1301
1301
1301
1301
1303
1304
1305
1306
1309
1311
1311
1312
1312
1312
1313
1313
1314
1314
1314
1314
1314
1314
1314
1315
1315
1315
1315
1316
1316
1317
1318
1319
1321
1322
1324
1325
1325
1326
1329
1329
1330
1330
1330
1331
1331
1332
1334
1335
1335
1337
1338
1339
1339
1341
1342
1342
1342
1343
1343
1343
1344
1345
1345
1345
1345
1346
1347
1347
1348
1349
1350
1352
1353
1353
1356
1358
1358
1358
1358
1358
1358
1360
1360
1362
1362
1364
1364
1364
1364
1365
1366
1366
1367
1369
1371
1372
1372
1373
1373
1373
1375
1376
1376
1376
1377
1379
1379
1380
1381
1383
1384
1384
1385
1385
1385
1386
1386
1387
1388
1389
1389
1391
1391
1391
1394
1394
1394
1395
1396
1396
1397
1399
1399
1400
1400
1400
1403
1403
1404
1404
1405
1405
1406
1406
1406
1407
1407
1407
1407
1408
1409
1411
1411
1412
1412
1413
1413
1414
1416
1419
1419
1419
1419
1422
1422
1424
1424
1425
1426
1426
1428
1428
1429
1430
1431
1431
1431
1432
1434
1436
1438
1439
1439
1440
1441
1442
1442
1444
1446
1446
1447
1449
1450
1451
1451
1452
1453
1455
1457
1457
1458
1460
1461
1462
1463
1463
1464
1464
1466
1466
1468
1469
1471
1472
1473
1474
1476
1477
1478
1480
1480
1480
1482
1483
1485
1485
1490
1490
1490
1492
1494
1494
1494
1494
1495
1497
1498
1500
1501
1501
1503
1505
1506
1507
1508
1511
1512
1513
1515
1516
1517
1518
1518
1518
1518
1519
1520
1520
1521
1521
1522
1524
1525
1525
1526
1526
1526
1528
1528
1530
1532
1533
1533
1535
1537
1539
1540
1540
1540
1541
1542
1542
1543
1543
1544
1544
1546
1546
1547
1547
1547
1550
1550
1551
1554
1555
1555
1555
1556
1556
1558
1559
1559
1561
1561
1563
1564
1565
1565
1565
1565
1565
1566
1566
1567
1567
1567
1569
1571
1572
1572
1572
1573
1574
1574
1575
1577
1577
1577
1577
1579
1580
1580
1581
1582
1583
1583
1583
1583
1584
1585
1586
1587
1587
1588
1588
1588
1590
1592
1594
1595
1595
1597
1598
1601
1601
1602
1602
1604
1606
1606
1608
1608
1611
1611
1611
1611
1613
1614
1615
1617
1617
1617
1618
1621
1623
1623
1624
1624
1624
1626
1628
1628
1628
1629
1630
1631
1631
1631
1633
1635
1635
1636
