18446744073709551615
1
5
9
12
18
35
48
62
72
85
106
125
156
181
205
231
257
297
323
357
388
433
460
503
547
596
625
673
718
762
812
873
932
988
1041
1096
1181
1240
1311
1376
1439
1506
1580
1633
1699
1772
1849
1924
2017
2107
2199
2276
2362
2457
2544
2636
2728
2832
2929
3019
3113
3214
3314
3426
3539
3651
3768
3880
3997
4119
4228
4361
4469
4576
4696
4811
4932
5054
5169
5289
5419
5549
5686
5814
5948
6098
6225
6374
6509
6653
6780
6926
7084
7231
7390
7551
7702
7848
7995
8126
8294
8463
8631
8787
8937
9117
9294
9461
9630
9801
9990
10170
10341
10523
10707
10867
11047
11244
11422
11624
11804
11991
12194
12379
12575
12779
12958
13145
13359
13565
13746
13944
14133
14344
14548
14749
14939
15149
15355
15546
15747
15960
16161
16362
16566
16783
17008
17232
17451
17668
17871
18116
18340
18582
18815
19052
19303
19540
19795
20042
20260
20494
20735
20972
21207
21447
21714
21943
22173
22438
22712
22960
23201
23469
23704
23948
24207
24446
24685
24926
25171
25451
25726
25982
26250
26519
26789
27058
27340
27602
27873
28129
28387
28667
28955
29206
29456
29727
30029
30304
30590
30870
31137
31440
31720
31986
32239
32525
32809
33072
33375
33653
33963
34237
34534
34831
35107
35396
35723
36023
36364
36635
36937
37243
37555
37869
38186
38498
38814
39155
39449
39759
40050
40366
40682
41019
41336
41664
41971
42291
42618
42937
43287
43610
43921
44261
44594
44898
45221
45549
45903
46228
46555
46896
47245
47597
47939
48255
48576
48913
49244
49594
49940
50273
50618
50957
51303
51668
52028
52394
52722
53083
53433
53784
54181
54532
54910
55255
55622
56001
56366
56752
57125
57492
57856
58202
58559
58919
59324
59678
60041
60437
60803
61175
61560
61930
62282
62671
63084
63471
63868
64268
64663
65023
65421
65794
66180
66569
66943
67293
67698
68105
68463
68861
69254
69650
70060
70441
70852
71268
71676
72099
72499
72910
73315
73707
74095
74521
74940
75341
75753
76201
76598
77003
77412
77826
78245
78651
79038
79431
79844
80260
80666
81057
81465
81903
82304
82706
83131
83543
83940
84388
84796
85231
85634
86054
86520
86924
87334
87775
88226
88671
89108
89556
89997
90448
90892
91291
91735
92177
92620
93100
93553
93999
94442
94862
95270
95737
96183
96607
97047
97491
97923
98367
98813
99283
99745
100197
100677
101113
101566
102009
102464
102915
103357
103810
104271
104723
105171
105627
106102
106553
107012
107470
107959
108428
108907
109383
109849
110305
110765
111239
111710
112197
112651
113125
113633
114114
114597
115076
115547
116038
116542
117011
117507
117970
118438
118933
119427
119927
120460
120948
121438
121934
122412
122900
123395
123906
124398
124915
125401
125935
126404
126881
127377
127881
128402
128886
129373
129857
130370
130848
131344
131847
132339
132843
133333
133873
134385
134908
135407
135906
136419
136932
137425
137921
138427
138925
139436
139945
140451
140957
141448
141961
142481
142978
143471
143980
144479
145017
145503
146013
146551
147055
147570
148094
148631
149113
149614
150138
150671
151175
151713
152223
152735
153244
153789
154327
154844
155379
155915
156466
157014
157543
158103
158641
159191
159755
160287
160824
161381
161930
162465
162972
163522
164063
164597
165138
165670
166217
166766
167308
167838
168373
168903
169446
169977
170532
171093
171629
172151
172723
173272
173801
174327
174867
175413
175965
176494
177011
177571
178118
178676
179211
179738
180289
180834
181399
181989
182571
183129
183700
184241
184805
185363
185920
186477
187069
187618
188185
188757
189306
189873
190456
191035
191589
192179
192767
193305
193896
194456
195009
195579
196158
196712
197290
197851
198404
199001
199576
200149
200740
201310
201892
202470
203056
203598
204142
204724
205298
205888
206470
207063
207658
208271
208866
209453
210032
210630
211229
211778
212356
212938
213509
214123
214746
215365
215980
216588
217189
217786
218383
218980
219573
220147
220749
221334
221905
222508
223102
223703
224281
224877
225477
226066
226656
227238
227836
228432
229045
229662
230277
230884
231482
232090
232664
233260
233874
234466
235077
235676
236252
236867
237459
238077
238701
239317
239928
240528
241147
241768
242383
243022
243631
244225
244817
245436
246066
246663
247308
247927
248542
249144
249795
250423
251046
251687
252308
252953
253561
254187
254810
255427
256057
256667
257297
257896
258520
259138
259773
260373
261023
261665
262318
262946
263611
264249
264867
265469
266104
266732
267359
267974
268611
269242
269881
270514
271123
271748
272375
273001
273636
274256
274896
275535
276166
276818
277456
278070
278706
279333
279965
280585
281197
281853
282504
283137
283781
284454
285108
285744
286369
287023
287654
288282
288913
289549
290206
290855
291490
292142
292775
293426
294070
294709
295382
296035
296701
297353
298015
298640
299289
299958
300597
301251
301903
302542
303180
303837
304483
305153
305815
306474
307139
307798
308446
309118
309793
310442
311095
311744
312381
313046
313693
314377
315033
315698
316358
317037
317698
318356
319030
319704
320375
321038
321711
322385
323040
323687
324357
325022
325697
326367
327016
327694
328331
328993
329654
330309
330993
331658
332322
332985
333670
334360
335044
335710
336378
337068
337748
338429
339118
339787
340473
341161
341839
342504
343196
343869
344571
345260
345935
346623
347318
347977
348662
349327
349996
350675
351379
352074
352721
353404
354102
354770
355460
356122
356810
357489
358198
358900
359561
360246
360937
361630
362315
362981
363663
364349
365033
365717
366418
367143
367826
368507
369171
369839
370514
371219
371926
372631
373354
374049
374726
375433
376150
376849
377554
378248
378949
379649
380351
381063
381758
382423
383106
383803
384476
385189
385906
386596
387298
388003
388696
389377
390097
390802
391537
392237
392949
393639
394345
395060
395763
396453
397159
397866
398552
399261
399954
400668
401370
402079
402811
403519
404235
404952
405637
406346
407037
407746
408464
409173
409886
410588
411297
412013
412713
413429
414157
414860
415568
416275
416989
417709
418439
419141
419835
420573
421277
422000
422733
423458
424195
424925
425644
426364
427066
427805
428516
429230
429942
430647
431373
432093
432806
433511
434234
434938
435658
436380
437088
437814
438548
439266
440006
440716
441435
442171
442896
443624
444374
445103
445830
446584
447299
448036
448763
449489
450197
450928
451661
452420
453144
453855
454570
455299
456033
456764
457520
458240
458970
459674
460424
461138
461848
462592
463302
464054
464783
465501
466273
467002
467743
468509
469233
469971
470714
471412
472164
472900
473647
474375
475130
475880
476615
477337
478064
478813
479560
480289
481059
481794
482526
483259
483992
484740
485479
486221
486956
487707
488429
489164
489888
490634
491405
492147
492922
493654
494381
495121
495851
496579
497314
498084
498846
499600
500352
501091
501812
502538
503312
504051
504793
505544
506283
507027
507769
508527
509292
510041
510812
511554
512304
513024
513782
514525
515287
516013
516762
517524
518285
519033
519793
520534
521292
522031
522803
523543
524306
525064
525807
526572
527333
528107
528902
529648
530409
531172
531922
532670
533417
534180
534923
535698
536449
537203
537950
538706
539463
540200
540963
541719
542467
543213
543987
544742
545526
546294
547035
547792
548556
549292
550073
550851
551604
552362
553140
553894
554652
555418
556169
556925
557713
558471
559217
559967
560747
561517
562266
563013
563773
564538
565302
566083
566864
567609
568377
569139
569904
570666
571441
572206
572988
573769
574536
575315
576087
576855
577636
578431
579207
580001
580787
581552
582357
583135
583907
584689
585458
586242
587023
587793
588577
589374
590157
590941
591708
592499
593279
594057
594852
595640
596434
597207
597976
598755
599522
600319
601094
601866
602670
603448
604227
605003
605765
606539
607302
608071
608849
609645
610423
611200
612009
612799
613583
614366
615139
615940
616715
617502
618268
619042
619811
620580
621380
622158
622967
623758
624545
625338
626122
626915
627684
628487
629260
630051
630839
631616
632393
633167
633955
634742
635534
636326
637125
637937
638728
639518
640293
641077
641861
642637
643442
644250
645036
645827
646606
647380
648179
648984
649772
650565
651348
652163
652955
653765
654557
655375
656164
656973
657772
658572
659362
660148
660944
661732
662515
663298
664102
664904
665700
666514
667308
668108
668891
669708
670485
671280
672071
672861
673644
674448
675237
676017
676813
677604
678389
679204
680015
680800
681584
682389
683197
683996
684806
685626
686439
687242
688038
688841
689637
690469
691276
692104
692938
693737
694551
695343
696128
696924
697739
698561
699381
700179
700987
701791
702622
703432
704238
705067
705875
706686
707489
708305
709113
709924
710740
711557
712371
713188
713993
714790
715596
716400
717193
717996
718810
719615
720427
721224
722042
722843
723634
724440
725270
726097
726908
727726
728528
729350
730145
730945
731766
732578
733364
734165
734984
735818
736643
737490
738336
739142
739970
740800
741613
742418
743226
744034
744867
745678
746492
747317
748139
748972
749792
750600
751423
752247
753089
753918
754728
755568
756386
757224
758051
758873
759690
760491
761307
762134
762946
763760
764581
765404
766196
767017
767831
768649
769478
770281
771106
771922
772734
773539
774362
775191
776019
776845
777658
778487
779310
780117
780952
781773
782617
783429
784265
785107
785933
786763
787597
788411
789228
790072
790893
791721
792545
793375
794217
795050
795894
796736
797558
798402
799232
800062
800888
801719
802536
803350
804172
804985
805824
806643
807474
808309
809145
809969
810796
811633
812474
813303
814145
814976
815797
816624
817461
818296
819131
819958
820819
821660
822486
823332
824162
824982
825813
826621
827434
828274
829115
829955
830772
831621
832451
833309
834143
834959
835788
836615
837433
838259
839093
839940
840759
841600
842440
843282
844121
844950
845785
846642
847478
848302
849124
849961
850817
851671
852533
853380
854212
855065
855902
856747
857594
858433
859275
860108
860957
861795
862644
863495
864352
865204
866038
866878
867705
868548
869377
870237
871071
871909
872752
873604
874444
875277
876114
876967
877799
878637
879475
880325
881161
882001
882835
883685
884527
885374
886209
887064
887909
888750
889610
890446
891287
892133
892991
893838
894703
895556
896409
897245
898074
898942
899770
900606
901428
902294
903137
903977
904823
905679
906515
907334
908181
909033
909895
910754
911615
912452
913291
914158
915030
915891
916727
917592
918443
919281
920127
920961
921811
922661
923494
924355
925216
926075
926931
927774
928629
929474
930312
931161
932028
932896
933761
934612
935470
936309
937149
937996
938841
939683
940534
941403
942261
943118
943964
944804
945646
946497
947365
948200
949054
949902
950776
951600
952437
953311
954155
955002
955867
956722
957591
958425
959258
960108
960957
961836
962697
963563
964415
965274
966149
967006
967869
968735
969588
970442
971304
972139
972970
973821
974698
975555
976409
977287
978154
979020
979884
980757
981634
982494
983358
984235
985080
985941
986798
987642
988514
989365
990223
991089
991948
992822
993680
994562
995436
996295
997168
998030
998888
999745
1000602
1001483
1002340
1003225
1004120
1004998
1005879
1006754
1007600
1008458
1009304
1010171
1011032
1011885
1012736
1013607
1014474
1015349
1016211
1017083
1017970
1018842
1019690
1020563
1021415
1022275
1023147
1024005
1024872
1025720
1026591
1027466
1028342
1029204
1030083
1030955
1031829
1032701
1033600
1034453
1035316
1036207
1037092
1037939
1038814
1039689
1040564
1041437
1042314
1043180
1044056
1044912
1045765
1046626
1047493
1048367
1049260
1050140
1051022
1051906
1052780
1053640
1054515
1055393
1056290
1057157
1058020
1058895
1059757
1060635
1061503
1062381
1063277
1064146
1065019
1065877
1066744
1067597
1068477
1069352
1070236
1071108
1071987
1072852
1073732
1074608
1075482
1076348
1077214
1078087
1078949
1079828
1080709
1081581
1082469
1083349
1084217
1085096
1085966
1086846
1087695
1088569
1089446
1090316
1091187
1092061
1092943
1093822
1094706
1095600
1096473
1097352
1098244
1099105
1100001
1100896
1101764
1102640
1103533
1104401
1105287
1106175
1107040
1107925
1108791
1109663
1110539
1111423
1112281
1113156
1114035
1114916
1115795
1116669
1117533
1118404
1119282
1120163
1121040
1121940
1122827
1123714
1124597
1125490
1126362
1127235
1128110
1128989
1129879
1130763
1131631
1132495
1133378
1134256
1135135
1136009
1136878
1137760
1138645
1139530
1140404
1141269
1142139
1143036
1143936
1144821
1145713
1146593
1147455
1148329
1149220
1150101
1150974
1151860
1152732
1153630
1154524
1155398
1156280
1157169
1158054
1158939
1159842
1160719
1161597
1162487
1163359
1164244
1165153
1166042
1166952
1167836
1168718
1169616
1170476
1171350
1172230
1173119
1174013
1174906
1175786
1176676
1177568
1178445
1179318
1180209
1181080
1181980
1182859
1183758
1184669
1185566
1186457
1187325
1188232
1189127
1190015
1190912
1191816
1192722
1193618
1194502
1195408
1196277
1197191
1198069
1198959
1199846
1200741
1201632
1202511
1203389
1204307
1205206
1206079
1206961
1207874
1208762
1209663
1210553
1211444
1212324
1213228
1214126
1215013
1215920
1216814
1217708
1218589
1219490
1220398
1221299
1222192
1223078
1223975
1224867
1225769
1226668
1227557
1228444
1229330
1230223
1231100
1232000
1232906
1233805
1234710
1235592
1236467
1237371
1238278
1239166
1240061
1240948
1241840
1242729
1243642
1244517
1245408
1246317
1247224
1248120
1249020
1249919
1250809
1251703
1252596
1253491
1254391
1255284
1256170
1257074
1257978
1258862
1259776
1260672
1261572
1262467
1263367
1264261
1265169
1266067
1266942
1267850
1268734
1269640
1270536
1271443
1272352
1273266
1274156
1275059
1275957
1276857
1277754
1278653
1279562
1280468
1281371
1282273
1283163
1284048
1284953
1285841
1286762
1287665
1288553
1289458
1290346
1291230
1292120
1293040
1293923
1294817
1295718
1296607
1297505
1298402
1299307
1300186
1301107
1302019
1302922
1303819
1304731
1305652
1306553
1307458
1308353
1309255
1310180
1311073
1311976
1312884
1313764
1314665
1315578
1316479
1317390
1318278
1319172
1320081
1320983
1321887
1322782
1323676
1324593
1325483
1326398
1327293
1328205
1329107
1329997
1330896
1331805
1332724
1333615
1334525
1335427
1336328
1337249
1338171
1339086
1339987
1340895
1341803
1342687
1343592
1344490
1345378
1346296
1347217
1348134
1349035
1349941
1350844
1351755
1352657
1353545
1354442
1355355
1356269
1357167
1358089
1359009
1359933
1360836
1361746
1362664
1363569
1364474
1365395
1366309
1367232
1368137
1369053
1369982
1370877
1371781
1372691
1373602
1374514
1375426
1376352
1377263
1378182
1379084
1379983
1380886
1381816
1382726
1383639
1384560
1385476
1386382
1387310
1388224
1389145
1390076
1390997
1391909
1392819
1393747
1394653
1395567
1396467
1397372
1398279
1399191
1400125
1401046
1401957
1402869
1403787
1404690
1405607
1406512
1407422
1408337
1409249
1410170
1411077
1411983
1412897
1413810
1414719
1415629
1416546
1417462
1418387
1419304
1420203
1421106
1422025
1422939
1423860
1424776
1425690
1426619
1427534
1428450
1429376
1430294
1431204
1432135
1433066
1433977
1434887
1435796
1436719
1437642
1438558
1439456
1440378
1441285
1442204
1443127
1444044
1444956
1445862
1446784
1447705
1448623
1449532
1450449
1451384
1452287
1453198
1454108
1455019
1455945
1456854
1457773
1458685
1459604
1460519
1461443
1462352
1463281
1464189
1465095
1466005
1466929
1467851
1468789
1469697
1470607
1471524
1472451
1473363
1474273
1475198
1476120
1477050
1477963
1478893
1479802
1480718
1481650
1482585
1483489
1484393
1485307
1486225
1487143
1488058
1488966
1489883
1490802
1491715
1492625
1493532
1494451
1495372
1496302
1497204
1498126
1499026
1499954
1500858
1501791
1502720
1503650
1504567
1505486
1506424
1507334
1508256
1509176
1510104
1511016
1511930
1512852
1513777
1514711
1515634
1516553
1517478
1518398
1519329
1520258
1521168
1522100
1523016
1523937
1524850
1525777
1526700
1527630
1528534
1529455
1530377
1531296
1532230
1533157
1534070
1535001
1535923
1536841
1537770
1538695
1539613
1540543
1541469
1542387
1543311
1544231
1545158
1546072
1547006
1547920
1548840
1549758
1550673
1551586
1552507
1553438
1554366
1555278
1556199
1557132
1558066
1558989
1559915
1560835
1561766
1562702
1563610
1564523
1565436
1566357
1567288
1568220
1569150
1570069
1570993
1571918
1572840
1573756
1574674
1575601
1576527
1577459
1578391
1579331
1580258
1581166
1582087
1583020
1583951
1584887
1585813
1586744
1587658
1588606
1589534
1590462
1591390
1592309
1593250
1594171
1595107
1596039
1596973
1597900
1598827
1599758
1600708
1601631
1602554
1603467
1604396
1605315
1606253
1607191
1608115
1609048
1609983
1610919
1611840
1612773
1613702
1614635
1615556
1616495
1617426
1618359
1619289
1620213
1621141
1622073
1623002
1623945
1624869
1625798
1626735
1627655
1628580
1629500
1630428
1631365
1632297
1633225
1634155
1635083
1635999
1636935
1637862
1638787
1639715
1640648
1641572
1642500
1643437
1644371
1645307
1646250
1647169
1648099
1649037
1649957
1650893
1651831
1652762
1653693
1654626
1655545
1656476
1657419
1658349
1659300
1660237
1661164
1662106
1663035
1663969
1664904
1665841
1666758
1667701
1668635
1669574
1670510
1671443
1672368
1673306
1674237
1675165
1676083
1677005
1677951
1678874
1679803
1680724
1681661
1682604
1683525
1684466
1685395
1686336
1687274
1688205
1689135
1690077
1691004
1691934
1692867
1693792
1694733
1695663
1696607
1697541
1698478
1699406
1700355
1701294
1702234
1703159
1704119
1705056
1706000
1706939
1707870
1708810
1709745
1710670
1711599
1712555
1713486
1714410
1715348
1716279
1717218
1718155
1719075
1720004
1720945
1721872
1722818
1723757
1724695
1725646
1726585
1727518
1728447
1729380
1730312
1731251
1732181
1733113
1734052
1734989
1735931
1736869
1737814
1738746
1739686
1740622
1741566
1742498
1743437
1744386
1745332
1746280
1747209
1748132
1749070
1749995
1750951
1751887
1752825
1753772
1754711
1755666
1756605
1757550
1758498
1759431
1760366
1761306
1762244
1763187
1764128
1765080
1766038
1766994
1767933
1768868
1769811
1770763
1771708
1772649
1773590
1774525
1775472
1776414
1777353
1778292
1779244
1780196
1781136
1782083
1783036
1783977
1784935
1785858
1786800
1787753
1788704
1789642
1790595
1791526
1792459
1793398
1794337
1795288
1796222
1797164
1798100
1799037
1799982
1800934
1801888
1802833
1803784
1804732
1805676
1806621
1807563
1808504
1809438
1810377
1811323
1812284
1813234
1814183
1815137
1816066
1817002
1817945
1818886
1819829
1820783
1821734
1822665
1823619
1824563
1825507
1826441
1827383
1828327
1829259
1830224
1831181
1832130
1833083
1834016
1834963
1835909
1836862
1837809
1838752
1839700
1840644
1841590
1842531
1843475
1844406
1845356
1846313
1847256
1848202
1849143
1850094
1851047
1851998
1852941
1853886
1854839
1855773
1856731
1857679
1858622
1859555
1860502
1861437
1862391
1863334
1864277
1865228
1866169
1867113
1868051
1868983
1869922
1870875
1871818
1872772
1873720
1874677
1875635
1876582
1877545
1878486
1879430
1880385
1881332
1882281
1883236
1884178
1885127
1886067
1887023
1887962
1888903
1889861
1890816
1891771
1892729
1893686
1894646
1895601
1896555
1897513
1898458
1899410
1900350
1901299
1902246
1903206
1904152
1905101
1906057
1906995
1907939
1908889
1909841
1910795
1911741
1912685
1913629
1914584
1915530
1916474
1917429
1918386
1919323
1920267
1921215
1922172
1923118
1924065
1925031
1925985
1926941
1927896
1928843
1929792
1930755
1931707
1932667
1933616
1934562
1935519
1936476
1937437
1938384
1939333
1940288
1941237
1942181
1943143
1944102
1945055
1945999
1946943
1947906
1948847
1949791
1950742
1951694
1952650
1953594
1954547
1955504
1956446
1957383
1958334
1959288
1960236
1961188
1962141
1963088
1964030
1964979
1965921
1966868
1967815
1968762
1969725
1970684
1971637
1972587
1973544
1974511
1975465
1976427
1977382
1978332
1979293
1980246
1981195
1982144
1983094
1984047
1984996
1985941
1986900
1987856
1988816
1989762
1990716
1991660
1992609
1993561
1994520
1995473
1996441
1997387
1998331
1999287
2000245
2001194
2002144
2003094
2004061
2005015
2005977
2006926
2007886
2008834
2009794
2010747
2011691
2012645
2013597
2014546
2015502
2016453
2017403
2018357
2019313
2020259
2021207
2022166
2023124
2024090
2025052
2026015
2026974
2027933
2028889
2029834
2030773
2031732
2032680
2033640
2034587
2035541
2036496
2037449
2038411
2039362
2040320
2041274
2042231
2043189
2044153
2045113
2046057
2047034
2047984
2048934
2049895
2050861
2051811
2052764
2053723
2054675
2055635
2056602
2057565
2058506
2059470
2060435
2061387
2062348
2063306
2064253
2065220
2066174
2067130
2068075
2069035
2069992
2070946
2071901
2072872
2073820
2074772
2075736
2076689
2077651
2078604
2079565
2080522
2081489
2082445
2083405
2084355
2085319
2086278
2087247
2088213
2089171
2090132
2091105
2092045
2092999
2093965
2094935
2095895
2096848
2097803
2098760
2099717
2100678
2101633
2102594
2103560
2104520
2105474
2106426
2107385
2108348
2109300
2110258
2111209
2112164
2113128
2114089
2115050
2116012
2116973
2117934
2118900
2119855
2120812
2121767
2122729
2123685
2124645
2125609
2126566
2127520
2128489
2129451
2130405
2131373
2132339
2133301
2134269
2135236
2136186
2137148
2138110
2139058
2140032
2140986
2141955
2142904
2143870
2144830
2145785
2146733
2147700
2148659
2149628
2150579
2151544
2152503
2153468
2154434
2155400
2156368
2157327
2158293
2159258
2160218
2161184
2162139
2163105
2164072
2165041
2166017
2166975
2167922
2168878
2169844
2170797
2171771
2172739
2173699
2174665
2175622
2176587
2177561
2178516
2179480
2180439
2181400
2182367
2183335
2184294
2185267
2186237
2187203
2188165
2189125
2190088
2191052
2192021
2192992
2193945
2194914
2195879
2196850
2197813
2198768
2199734
2200710
2201684
2202654
2203625
2204589
2205547
2206514
2207474
2208441
2209401
2210365
2211331
2212290
2213256
2214219
2215173
2216140
2217101
2218066
2219040
2220011
2220981
2221948
2222907
2223870
2224833
2225805
2226763
2227718
2228676
2229642
2230614
2231584
2232548
2233513
2234487
2235450
2236420
2237389
2238358
2239329
2240303
2241261
2242239
2243196
2244158
2245124
2246086
2247056
2248022
2248981
2249949
2250927
2251884
2252849
2253813
2254782
2255755
2256730
2257692
2258658
2259632
2260590
2261553
2262518
2263492
2264461
2265422
2266388
2267353
2268322
2269300
2270274
2271239
2272207
2273182
2274152
2275115
2276087
2277046
2278015
2278987
2279955
2280930
2281899
2282869
2283831
2284801
2285766
2286734
2287689
2288656
2289630
2290599
2291568
2292546
2293513
2294480
2295446
2296417
2297393
2298355
2299319
2300291
2301257
2302221
2303184
2304152
2305124
2306094
2307054
2308027
2308999
2309974
2310946
2311908
2312881
2313847
2314814
2315787
2316754
2317717
2318687
2319661
2320630
2321605
2322570
2323537
2324516
2325480
2326445
2327414
2328379
2329348
2330316
2331277
2332256
2333219
2334196
2335166
2336138
2337102
2338071
2339040
2340002
2340971
2341937
2342905
2343878
2344854
2345821
2346795
2347769
2348738
2349704
2350676
2351654
2352631
2353600
2354580
2355555
2356526
2357502
2358471
2359441
2360409
2361378
2362349
2363321
2364286
2365256
2366224
2367201
2368179
2369142
2370116
2371089
2372049
2373028
2374001
2374976
2375952
2376932
2377908
2378880
2379863
2380838
2381805
2382768
2383747
2384721
2385690
2386660
2387638
2388616
2389596
2390573
2391546
2392510
2393475
2394442
2395417
2396386
2397367
2398339
2399320
2400294
2401270
2402242
2403221
2404197
2405174
2406146
2407120
2408100
2409069
2410044
2411018
2411990
2412963
2413944
2414910
2415887
2416864
2417835
2418797
2419776
2420746
2421713
2422696
2423668
2424640
2425620
2426608
2427582
2428560
2429534
2430510
2431479
2432455
2433433
2434405
2435383
2436365
2437334
2438303
2439269
2440239
2441212
2442196
2443172
2444144
2445113
2446092
2447066
2448040
2449008
2449985
2450961
2451942
2452914
2453888
2454867
2455844
2456819
2457801
2458766
2459740
2460722
2461690
2462676
2463649
2464632
2465604
2466577
2467559
2468540
2469522
2470486
2471467
2472440
2473422
2474389
2475365
2476336
2477316
2478288
2479263
2480239
2481216
2482196
2483171
2484142
2485121
2486099
2487083
2488054
2489036
2490010
2490986
2491968
2492948
2493926
2494903
2495879
2496855
2497835
2498815
2499791
2500766
2501744
2502723
2503704
2504687
2505671
2506647
2507630
2508606
2509588
2510570
2511552
2512536
2513515
2514491
2515469
2516449
2517424
2518403
2519386
2520369
2521352
2522338
2523323
2524304
2525279
2526247
2527230
2528205
2529182
2530168
2531149
2532127
2533106
2534085
2535066
2536049
2537024
2538000
2538971
2539956
2540934
2541917
2542893
2543869
2544851
2545838
2546812
2547801
2548777
2549762
2550737
2551716
2552700
2553685
2554667
2555640
2556626
2557610
2558590
2559573
2560554
2561528
2562505
2563481
2564464
2565451
2566432
2567412
2568393
2569373
2570353
2571334
2572312
2573300
2574286
2575265
2576246
2577224
2578204
2579178
2580168
2581145
2582127
2583100
2584080
2585060
2586042
2587020
2587999
2588981
2589958
2590940
2591918
2592899
2593878
2594860
2595847
2596826
2597811
2598797
2599781
2600760
2601745
2602726
2603700
2604678
2605663
2606643
2607632
2608616
2609597
2610577
2611552
2612534
2613510
2614489
2615475
2616450
2617433
2618416
2619392
2620370
2621356
2622335
2623317
2624305
2625289
2626275
2627251
2628229
2629218
2630206
2631187
2632172
2633157
2634134
2635115
2636103
2637088
2638068
2639040
2640024
2641007
2641988
2642964
2643937
2644919
2645906
2646893
2647879
2648864
2649851
2650837
2651820
2652809
2653793
2654774
2655759
2656742
2657726
2658711
2659697
2660686
2661668
2662658
2663637
2664624
2665606
2666587
2667573
2668552
2669538
2670523
2671502
2672483
2673468
2674449
2675432
2676422
2677407
2678390
2679378
2680363
2681347
2682325
2683312
2684294
2685274
2686256
2687242
2688227
2689212
2690196
2691179
2692160
2693145
2694130
2695110
2696095
2697082
2698068
2699053
2700041
2701027
2702010
2703001
2703990
2704977
2705966
2706948
2707939
2708930
2709917
2710900
2711887
2712874
2713859
2714843
2715832
2716816
2717801
2718784
2719763
2720741
2721727
2722720
2723703
2724684
2725672
2726661
2727649
2728633
2729622
2730610
2731600
2732590
2733573
2734559
2735555
2736545
2737534
2738525
2739512
2740500
2741488
2742472
2743460
2744452
2745438
2746429
2747423
2748407
2749394
2750378
2751370
2752359
2753343
2754332
2755319
2756305
2757297
2758285
2759272
2760265
2761250
2762239
2763226
2764214
2765196
2766187
2767177
2768160
2769145
2770128
2771115
2772109
2773097
2774089
2775079
2776064
2777047
2778038
2779028
2780022
2781008
2781996
2782986
2783981
2784967
2785957
2786949
2787939
2788927
2789915
2790906
2791897
2792890
2793875
2794864
2795855
2796842
2797828
2798811
2799803
2800785
2801774
2802766
2803760
2804751
2805740
2806731
2807721
2808710
2809699
2810687
2811677
2812669
2813655
2814644
2815634
2816624
2817606
2818594
2819588
2820581
2821572
2822565
2823551
2824542
2825536
2826531
2827519
2828508
2829502
2830496
2831485
2832475
2833465
2834453
2835446
2836431
2837425
2838416
2839406
2840399
2841387
2842375
2843369
2844359
2845353
2846346
2847340
2848330
2849319
2850307
2851298
2852290
2853280
2854272
2855266
2856256
2857250
2858243
2859236
2860228
2861221
2862216
2863208
2864200
2865193
2866180
2867171
2868165
2869161
2870150
