18446744073709551615
18446744073709551615
18446744073709551615
18446744073709551615
18446744073709551615
18446744073709551615
18446744073709551615
18446744073709551615
18446744073709551615
18446744073709551615
18446744073709551615
18446744073709551615
18446744073709551615
18446744073709551615
18446744073709551615
18446744073709551615
18446744073709551615
18446744073709551615
18446744073709551615
18446744073709551615
18446744073709551615
18446744073709551615
18446744073709551615
18446744073709551615
18446744073709551615
18446744073709551615
18446744073709551615
18446744073709551615
18446744073709551615
18446744073709551615
18446744073709551615
18446744073709551615
18446744073709551615
18446744073709551615
18446744073709551615
18446744073709551615
18446744073709551615
18446744073709551615
18446744073709551615
18446744073709551615
18446744073709551615
18446744073709551615
18446744073709551615
18446744073709551615
18446744073709551615
18446744073709551615
18446744073709551615
18446744073709551615
18446744073709551615
18446744073709551615
18446744073709551615
18446744073709551615
18446744073709551615
18446744073709551615
18446744073709551615
18446744073709551615
18446744073709551615
18446744073709551615
18446744073709551615
18446744073709551615
18446744073709551615
18446744073709551615
18446744073709551615
18446744073709551615
18446744073709551615
18446744073709551615
18446744073709551615
18446744073709551615
18446744073709551615
18446744073709551615
18446744073709551615
18446744073709551615
18446744073709551615
18446744073709551615
18446744073709551615
18446744073709551615
18446744073709551615
18446744073709551615
18446744073709551615
18446744073709551615
18446744073709551615
18446744073709551615
18446744073709551615
18446744073709551615
0
0
0
0
0
0
0
0
0
0
0
0
0
0
0
0
0
0
0
0
0
0
0
0
0
0
0
0
0
0
0
0
0
0
0
0
0
0
0
0
0
0
0
0
0
0
0
0
0
0
0
0
0
0
0
1
1
1
1
1
2
2
2
2
2
2
2
2
2
2
2
2
2
2
2
2
2
3
3
3
3
3
3
3
3
3
3
4
5
5
5
5
5
5
5
5
5
5
5
5
5
5
5
5
5
5
5
5
5
5
5
5
6
6
7
7
7
7
7
7
7
7
7
7
7
7
7
7
7
7
7
7
7
7
7
7
7
7
7
7
7
7
7
8
8
9
9
9
9
9
9
9
9
9
9
9
9
9
9
9
9
9
9
9
9
9
9
9
9
9
9
9
9
9
9
9
9
9
9
9
9
9
9
9
9
9
9
9
9
9
9
9
10
10
10
10
11
11
11
11
11
11
11
11
11
11
12
12
12
12
12
12
12
12
13
13
13
13
13
13
14
14
14
14
15
15
15
15
15
15
15
15
15
15
15
15
15
15
15
15
15
15
15
15
15
15
15
15
15
15
15
15
16
16
16
16
16
16
16
16
16
16
16
16
18
18
18
19
19
19
19
19
19
19
19
19
19
19
19
19
19
19
19
19
19
19
19
19
19
19
20
20
20
20
20
20
20
20
20
20
20
20
20
20
20
20
20
20
20
20
20
20
20
20
20
20
20
20
20
20
20
20
20
20
20
20
20
20
20
20
20
20
20
20
20
20
20
20
20
20
20
20
20
20
20
20
20
20
20
20
20
20
20
20
20
20
20
20
20
20
20
20
20
20
20
20
21
21
21
21
21
21
22
22
22
22
23
23
24
24
24
24
24
24
24
24
24
24
24
24
24
24
24
24
24
25
25
25
25
25
25
25
25
25
25
25
25
25
25
25
25
26
26
26
26
26
26
26
26
26
26
26
26
26
26
26
26
26
26
26
26
26
27
27
27
27
27
27
27
27
27
27
28
28
28
28
28
28
29
29
29
29
29
29
29
29
29
29
30
30
30
30
30
30
31
31
31
31
31
31
31
32
32
33
33
34
34
34
35
35
35
35
35
36
37
37
37
37
37
37
37
37
37
37
37
37
37
37
37
37
37
37
37
37
37
37
37
37
37
37
37
37
37
37
37
37
37
37
38
38
38
38
38
38
38
38
39
39
40
40
40
40
40
40
40
41
41
42
42
42
42
42
42
42
42
42
42
42
42
42
42
42
42
42
42
42
42
43
43
43
43
43
43
43
43
44
44
45
45
45
45
45
45
45
45
45
45
45
45
45
45
45
45
45
45
45
46
46
47
47
47
48
48
48
48
48
48
48
48
48
49
49
49
49
49
49
49
49
49
49
49
50
50
50
50
50
50
50
51
51
51
51
51
51
51
51
52
52
52
52
53
53
53
53
53
53
54
54
54
54
54
54
54
54
54
54
54
54
54
54
55
56
56
56
57
57
57
57
58
58
58
58
58
58
58
58
60
60
60
60
60
61
61
61
61
61
61
61
61
62
62
62
63
63
64
64
64
64
64
64
65
67
67
68
68
68
68
68
68
68
68
68
68
68
68
68
68
68
69
69
69
69
69
69
69
69
70
71
71
71
71
71
72
72
72
72
73
73
73
73
73
73
73
73
73
73
73
73
73
73
73
73
73
73
73
73
73
73
73
73
73
73
74
74
74
75
75
75
75
75
75
75
77
77
77
77
77
77
77
77
77
77
77
77
77
77
77
77
77
77
77
77
77
77
77
77
77
78
78
78
78
79
79
79
79
80
80
80
80
80
80
80
80
80
80
80
80
80
80
81
81
81
81
81
81
81
81
81
81
81
81
81
81
81
81
81
81
81
81
81
81
81
81
82
82
82
83
83
83
83
83
83
83
83
83
83
83
83
84
84
84
84
84
84
84
84
84
84
84
84
84
85
85
85
85
85
85
85
85
85
85
85
85
85
85
85
85
85
85
86
87
87
87
88
88
88
90
90
90
90
90
90
90
90
90
90
90
90
90
90
90
90
90
90
91
91
91
91
91
91
91
91
91
91
91
91
91
92
92
92
92
92
92
92
92
92
92
92
92
92
92
92
92
92
92
92
92
93
94
95
95
95
95
95
95
96
96
96
97
97
97
97
97
97
97
97
97
97
97
97
97
98
99
99
99
99
99
100
101
101
101
101
101
101
101
101
101
101
101
101
101
101
101
101
101
101
101
101
101
101
101
101
101
101
101
101
101
101
101
101
101
101
101
102
102
102
102
102
102
102
102
102
105
105
105
105
105
105
105
105
106
106
107
107
108
108
108
108
109
109
109
109
110
110
110
110
111
112
113
113
113
113
113
113
114
114
114
115
115
115
115
115
115
115
115
115
115
115
115
116
116
116
116
116
116
116
116
117
118
118
118
118
119
119
119
119
119
119
120
120
120
120
121
122
122
122
122
122
122
122
123
123
123
123
123
123
123
123
123
124
124
124
124
124
124
124
124
124
124
124
124
124
124
124
124
125
125
125
125
126
126
126
126
126
126
126
126
126
126
126
126
126
126
126
126
126
126
127
127
127
127
128
128
128
128
128
128
128
128
128
129
129
129
132
132
132
132
133
134
134
134
134
134
134
134
135
136
136
136
136
137
138
138
138
138
138
138
138
138
138
138
138
138
138
138
139
139
139
139
140
140
140
141
141
141
141
141
141
142
142
142
142
142
142
142
142
143
143
143
143
143
144
144
145
145
145
147
147
147
147
147
147
148
148
148
148
149
149
149
149
149
149
149
150
150
150
150
150
151
151
151
151
151
151
152
153
153
153
153
154
154
154
155
155
156
157
157
158
158
158
159
160
160
160
161
161
162
162
162
163
163
163
163
163
163
163
164
164
164
164
164
164
165
165
165
165
165
165
166
166
166
166
166
166
166
166
166
166
166
168
168
168
169
169
169
169
169
169
169
169
169
169
170
170
170
170
170
170
171
171
171
171
171
171
171
171
171
171
171
171
171
171
172
172
172
172
172
174
174
174
174
175
175
177
177
177
178
178
178
178
178
179
179
179
179
179
179
179
179
179
179
180
180
180
181
181
182
182
183
183
183
183
183
183
183
183
184
184
185
185
185
185
185
185
185
185
185
186
188
188
188
188
188
188
188
188
188
189
189
189
189
189
189
189
189
190
190
190
190
190
191
191
191
191
191
191
191
191
191
191
191
191
191
191
192
192
192
192
193
193
193
193
193
194
194
194
194
194
194
194
194
194
194
195
195
195
195
195
195
197
198
198
198
198
199
199
199
199
199
199
199
199
200
200
200
201
201
201
201
201
201
202
202
202
202
203
203
203
203
203
203
203
203
203
203
204
204
204
204
204
204
204
204
205
205
205
205
206
206
206
206
206
206
206
207
207
207
207
207
207
207
207
207
208
208
208
208
209
210
210
210
210
210
210
210
211
211
211
213
213
213
213
214
214
214
214
214
214
214
215
215
215
216
216
216
217
217
217
217
217
218
218
218
219
219
221
221
221
221
221
221
221
222
225
226
229
229
229
229
229
229
229
229
229
230
230
230
230
230
230
230
230
230
230
230
231
231
231
231
231
231
231
231
232
233
233
234
234
234
234
234
235
235
235
235
235
235
235
235
235
235
235
236
237
237
237
237
237
239
239
239
241
242
242
242
243
243
243
243
243
243
243
243
243
243
246
246
246
248
248
248
248
249
250
251
251
252
252
252
252
252
252
252
252
252
252
252
252
253
253
253
253
255
255
256
256
256
256
256
257
258
259
259
259
259
259
259
260
260
260
260
261
261
261
261
261
261
261
261
263
264
264
265
265
265
266
266
266
267
268
270
271
271
272
272
272
272
272
272
273
273
275
275
276
277
277
277
277
278
278
278
278
278
279
280
281
281
281
282
282
284
285
286
286
286
286
286
286
286
286
286
287
287
288
288
289
289
289
290
290
290
290
290
290
290
290
292
292
292
292
292
292
292
293
293
294
294
294
294
294
294
296
296
296
296
297
297
298
301
301
301
301
301
302
302
302
302
302
302
302
303
304
305
305
305
305
305
305
305
305
305
305
306
306
306
306
306
306
306
306
306
307
308
308
309
310
310
311
312
312
313
313
313
313
313
314
314
314
316
316
316
316
316
316
316
316
316
316
316
316
316
316
316
316
316
316
317
317
317
317
317
317
318
318
319
319
319
319
319
319
319
319
319
319
319
319
319
319
319
319
319
319
319
319
319
319
319
320
321
321
321
321
321
322
322
322
323
323
323
323
323
325
325
325
325
325
325
325
325
325
325
325
325
325
326
326
326
326
326
326
326
326
326
327
327
327
327
327
327
328
329
329
329
329
329
329
329
329
329
330
330
330
330
330
330
330
331
331
331
331
332
332
332
332
332
332
332
332
332
332
332
334
336
336
336
336
336
336
336
336
336
336
337
337
337
338
339
341
341
341
342
342
342
342
343
344
344
345
345
345
345
346
346
346
346
347
347
347
347
347
347
347
347
348
349
350
350
350
351
351
351
351
352
352
352
352
352
353
354
354
354
355
356
356
356
356
356
356
357
357
357
357
357
357
357
359
360
361
362
363
363
364
366
367
368
369
369
369
370
370
371
371
372
374
374
375
376
376
376
376
377
378
378
378
378
378
378
378
378
378
380
382
382
382
382
382
382
382
382
383
383
383
383
384
384
384
384
385
385
385
385
385
385
386
387
388
388
388
388
389
390
390
391
392
392
392
392
392
392
392
392
392
392
393
393
394
395
395
395
396
398
398
400
400
400
400
401
401
401
401
402
402
402
402
402
403
404
404
406
406
407
407
407
407
407
408
408
408
408
408
408
408
408
409
409
409
410
410
411
411
412
413
414
414
414
414
415
415
415
415
416
416
416
416
417
417
417
418
419
419
419
419
419
419
419
419
419
420
420
420
421
422
422
423
423
423
424
425
426
427
427
427
427
427
428
429
429
429
430
431
431
433
433
433
433
434
435
435
436
436
437
440
441
442
443
443
443
443
443
443
443
444
444
444
444
444
444
444
445
445
445
445
446
446
446
446
446
448
448
449
449
449
449
449
450
450
450
450
451
451
453
453
453
453
454
454
456
456
456
456
456
457
458
458
458
459
459
460
460
460
460
460
460
461
462
463
463
463
464
464
464
465
466
466
467
467
467
468
469
470
470
470
470
472
472
472
473
474
474
475
476
477
478
478
478
478
478
479
482
482
482
484
485
485
485
485
486
486
486
486
487
487
487
489
489
490
490
492
492
492
492
493
493
493
493
495
496
496
496
497
497
497
497
498
498
498
499
499
499
501
502
502
503
503
503
503
504
504
505
505
505
505
505
506
506
506
507
508
508
508
510
511
513
513
513
514
514
514
514
514
515
516
516
516
516
517
517
517
517
517
517
518
519
519
520
520
520
520
520
521
522
522
523
523
523
523
523
523
523
524
525
525
525
525
526
526
526
527
527
527
527
527
527
527
527
528
529
530
530
530
530
531
531
532
532
534
534
534
534
534
534
534
534
534
534
535
535
535
535
535
537
537
537
537
537
538
538
538
538
538
538
539
539
541
541
542
543
543
544
545
546
547
547
547
547
547
548
549
549
549
550
550
551
551
551
551
552
552
554
555
557
557
557
558
559
559
560
560
561
561
561
561
561
564
566
567
568
568
568
568
569
569
569
570
570
571
572
572
572
573
574
574
574
574
575
577
577
578
581
581
582
582
582
582
582
582
582
582
582
582
582
582
582
582
585
586
586
586
586
586
586
589
590
590
590
590
592
592
593
593
593
593
594
594
595
595
595
595
596
596
596
596
596
596
596
596
597
597
598
598
598
598
598
598
599
599
599
600
600
600
601
602
602
602
602
602
602
603
603
603
604
604
604
604
604
605
606
608
609
609
610
611
611
611
611
611
611
611
611
611
611
611
612
613
613
613
613
613
614
616
617
617
617
617
618
618
620
620
620
620
620
620
620
620
620
621
621
621
621
621
621
622
622
622
622
624
624
624
624
624
624
625
626
626
626
627
628
628
628
628
628
628
630
630
630
633
633
633
633
633
633
636
637
637
637
637
639
639
639
639
640
641
642
642
642
642
642
643
644
644
645
645
647
649
649
649
649
650
650
650
651
651
652
653
654
655
656
656
656
656
657
657
657
657
658
660
660
660
660
660
661
662
663
664
665
665
665
665
665
666
666
667
668
668
669
669
671
671
671
671
672
672
672
672
672
673
673
673
673
675
675
675
676
676
676
676
676
676
676
678
678
679
679
679
679
681
682
683
684
685
685
685
685
687
687
688
689
689
690
690
691
693
694
696
697
697
698
699
699
700
701
701
701
701
701
701
702
702
702
702
702
702
703
704
704
704
704
704
704
704
705
706
706
707
708
708
709
709
709
710
711
712
712
716
717
720
722
723
723
723
723
723
723
724
725
726
728
728
728
728
728
728
728
730
731
732
732
732
733
734
735
735
735
735
735
735
737
737
738
738
739
740
740
741
742
742
743
743
743
745
746
746
746
746
747
748
748
748
749
749
749
749
749
749
750
750
751
752
753
753
754
754
754
756
756
756
756
756
757
758
759
759
759
759
759
759
760
761
762
762
763
764
764
764
765
765
766
766
766
766
767
768
769
769
770
771
771
772
773
773
773
774
775
775
775
776
776
776
778
778
778
779
779
780
780
781
781
781
784
784
786
786
788
788
789
790
790
790
790
792
792
794
795
797
800
800
801
802
802
803
805
806
806
806
806
807
807
807
808
808
808
809
809
809
810
810
811
811
812
812
812
812
813
813
814
814
814
815
816
816
817
817
818
818
819
820
821
821
821
821
821
824
824
825
827
827
827
827
829
830
832
834
834
835
835
835
836
836
837
838
838
838
840
841
842
843
843
843
844
846
847
847
848
850
850
851
851
851
851
851
851
852
852
853
854
855
855
855
855
855
856
856
857
857
858
859
859
859
859
860
862
862
862
863
863
865
865
866
866
867
867
868
870
870
870
870
872
874
874
878
878
878
878
879
879
880
880
881
881
882
884
884
885
886
886
887
889
890
890
891
891
891
892
893
893
894
894
895
896
897
897
897
897
897
898
898
898
898
898
898
898
899
899
899
901
901
903
904
905
905
906
908
910
910
911
912
912
913
914
914
914
914
917
917
917
919
919
920
920
922
922
923
923
924
924
924
924
925
925
925
925
925
925
927
927
928
929
931
931
931
931
931
932
932
932
932
932
932
932
932
932
934
935
935
935
935
936
937
937
937
937
939
939
939
939
940
940
940
940
941
941
942
942
943
943
944
944
947
948
948
949
949
949
950
950
950
950
950
950
952
952
952
953
954
954
955
957
957
957
958
960
960
961
962
964
965
965
965
967
969
969
970
970
970
970
971
972
973
973
973
973
974
975
975
975
976
976
976
977
978
979
979
981
981
981
982
982
984
984
986
986
987
988
989
990
990
990
990
990
991
991
992
994
994
994
995
995
996
996
996
996
996
996
996
996
997
998
999
999
999
999
999
1000
1002
1002
1003
1003
1004
1004
1004
1004
1004
1004
1006
1006
1007
1008
1009
1009
1010
1011
1011
1011
1013
1014
1015
1015
1016
1017
1017
1017
1017
1017
1018
1018
1018
1018
1018
1021
1025
1027
1027
1027
1028
1028
1028
1030
1030
1031
1032
1033
1033
1033
1033
1035
1035
1036
1036
1038
1038
1039
1039
1039
1039
1039
1040
1040
1040
1043
1043
1045
1045
1045
1045
1045
1045
1047
1047
1047
1047
1047
1048
1050
1050
1050
1050
1052
1053
1053
1053
1054
1054
1055
1056
1057
1058
1060
1063
1063
1063
1064
1065
1066
1066
1066
1069
1069
1070
1070
1070
1070
1071
1072
1072
1072
1072
1072
1073
1074
1076
1076
1077
1077
1079
1080
1081
1081
1082
1082
1084
1084
1084
1084
1085
1085
1085
1088
1090
1091
1091
1092
1094
1095
1095
1096
1098
1098
1099
1099
1100
1100
1101
1101
1101
1101
1101
1101
1101
1101
1102
1104
1104
1105
1105
1106
1107
1111
1111
1111
1113
1114
1114
1114
1114
1116
1117
1117
1117
1117
1117
1117
1117
1118
1118
1118
1120
1121
1121
1122
1122
1123
1124
1124
1125
1125
1126
1127
1127
1129
1129
1129
1129
1130
1131
1132
1132
1135
1135
1135
1136
1138
1139
1141
1143
1143
1143
1143
1144
1145
1146
1146
1146
1148
1148
1149
