18446744073709551615
18446744073709551615
18446744073709551615
18446744073709551615
18446744073709551615
18446744073709551615
18446744073709551615
18446744073709551615
18446744073709551615
18446744073709551615
18446744073709551615
18446744073709551615
18446744073709551615
18446744073709551615
18446744073709551615
18446744073709551615
18446744073709551615
18446744073709551615
18446744073709551615
18446744073709551615
18446744073709551615
18446744073709551615
18446744073709551615
18446744073709551615
0
0
1
1
1
1
2
3
3
3
3
3
4
4
4
4
4
4
4
4
4
5
5
5
5
6
6
9
9
9
9
9
9
11
11
12
12
13
13
13
13
13
14
14
15
15
15
16
17
18
19
19
19
21
21
22
23
24
25
25
25
26
26
29
30
30
30
30
30
31
31
31
32
32
32
32
32
34
36
36
36
36
37
37
38
40
41
43
44
45
45
45
45
47
48
48
48
49
50
50
50
51
52
52
53
54
58
58
58
58
58
58
59
59
59
60
61
62
64
67
68
68
69
70
71
72
72
74
74
77
78
78
80
80
82
84
85
87
91
91
93
95
95
96
96
96
96
99
99
102
102
103
107
109
112
113
115
118
118
118
119
121
121
121
122
124
125
126
128
130
131
132
134
134
136
137
139
139
141
141
142
145
146
147
147
147
150
152
152
153
154
155
156
160
162
163
164
164
166
167
168
168
169
169
169
170
173
176
178
180
181
181
183
187
189
191
193
193
194
195
198
199
200
204
204
206
208
209
209
211
212
214
215
216
217
218
218
221
222
224
225
227
231
231
231
233
238
239
241
242
242
244
245
245
246
248
249
252
254
256
257
258
259
262
264
265
266
267
267
268
269
270
271
276
278
282
283
285
287
288
290
292
294
296
300
300
303
304
305
311
312
314
314
316
320
324
329
332
334
334
339
342
344
344
344
345
351
351
352
356
357
357
357
365
367
369
369
371
371
374
376
379
382
386
389
390
394
397
398
399
402
406
410
411
413
415
419
420
426
431
434
436
439
442
445
445
449
450
452
457
459
459
462
466
466
469
471
473
476
478
482
483
484
488
490
491
496
497
499
502
503
503
505
508
512
514
515
519
520
525
528
529
531
537
537
537
543
545
549
550
553
554
557
560
561
562
565
566
566
568
572
573
574
580
581
585
586
590
593
598
602
604
606
607
613
613
615
616
620
624
627
629
630
634
634
638
640
642
644
646
649
652
656
656
659
661
661
666
668
674
676
680
681
684
688
692
697
701
703
708
712
716
721
726
732
734
737
740
742
749
751
753
757
761
763
766
769
772
773
775
779
785
787
790
791
791
793
795
800
801
802
806
810
816
820
823
826
830
832
835
836
839
843
851
855
857
857
861
861
864
868
876
877
878
879
880
885
888
894
896
900
903
910
915
921
925
929
931
936
939
941
943
943
946
949
954
954
959
966
967
968
975
978
984
986
987
987
994
997
1006
1010
1013
1022
1024
1026
1027
1030
1032
1034
1038
1041
1044
1046
1049
1052
1057
1062
1069
1073
1079
1085
1085
1088
1089
1093
1097
1100
1105
1112
1117
1119
1121
1125
1129
1135
1138
1141
1141
1144
1146
1148
1150
1157
1157
1159
1162
1164
1165
1168
1173
1176
1184
1185
1186
1189
1195
1200
1205
1207
1209
1210
1212
1214
1221
1221
1227
1232
1237
1240
1243
1248
1253
1255
1256
1261
1268
1270
1275
1278
1281
1285
1291
1295
1302
1304
1307
1310
1312
1313
1318
1322
1326
1327
1333
1338
1340
1343
1344
1349
1353
1355
1358
1366
1368
1372
1378
1384
1388
1390
1392
1397
1401
1404
1407
1408
1416
1421
1423
1426
1429
1434
1442
1447
1448
1456
1458
1462
1467
1469
1476
1478
1479
1480
1492
1495
1498
1505
1505
1510
1519
1521
1531
1532
1535
1543
1548
1552
1561
1566
1569
1571
1578
1590
1593
1598
1604
1612
1617
1620
1626
1634
1639
1644
1648
1650
1654
1655
1663
1666
1667
1670
1677
1682
1689
1699
1702
1703
1707
1710
1716
1721
1723
1730
1741
1746
1751
1755
1761
1765
1777
1782
1788
1791
1794
1795
1797
1801
1806
1812
1816
1825
1833
1840
1845
1851
1856
1857
1861
1865
1868
1869
1876
1882
1886
1892
1899
1902
1906
1907
1911
1914
1920
1923
1929
1938
1946
1950
1953
1959
1967
1976
1982
1987
1994
1999
2004
2007
2013
2019
2024
2029
2036
2043
2045
2050
2054
2059
2067
2072
2078
2084
2089
2099
2103
2107
2112
2112
2116
2118
2126
2132
2136
2140
2146
2152
2158
2161
2168
2177
2180
2189
2195
2201
2204
2210
2215
2219
2223
2226
2236
2238
2243
2254
2260
2264
2268
2273
2277
2282
2288
2290
2296
2301
2307
2311
2319
2320
2324
2329
2337
2341
2349
2353
2357
2359
2366
2370
2374
2378
2387
2395
2399
2408
2415
2421
2421
2424
2429
2437
2438
2443
2448
2452
2459
2464
2470
2476
2484
2491
2500
2503
2507
2511
2515
2521
2530
2539
2543
2553
2557
2561
2566
2569
2571
2582
2585
2589
2594
2601
2611
2624
2629
2634
2642
2646
2655
2660
2664
2672
2677
2689
2693
2697
2702
2708
2717
2726
2730
2735
2740
2746
2753
2764
2767
2773
2780
2787
2791
2800
2809
2815
2818
2823
2828
2831
2841
2848
2857
2867
2872
2879
2884
2890
2893
2901
2909
2915
2924
2930
2933
2935
2947
2959
2963
2968
2974
2979
2985
2996
3003
3012
3015
3025
3032
3040
3045
3055
3059
3062
3065
3070
3079
3086
3090
3095
3102
3113
3121
3126
3132
3144
3152
3156
3161
3166
3174
3183
3187
3191
3195
3199
3204
3212
3218
3226
3231
3239
3243
3249
3253
3259
3270
3279
3293
3301
3309
3315
3321
3330
3338
3344
3349
3352
3354
3361
3369
3378
3384
3390
3396
3406
3411
3421
3426
3436
3445
3448
3452
3458
3468
3475
3483
3490
3500
3509
3518
3528
3533
3539
3546
3557
3566
3573
3579
3588
3599
3605
3609
3617
3621
3626
3639
3649
3654
3660
3668
3674
3685
3693
3701
3707
3714
3725
3733
3740
3747
3751
3754
3763
3767
3775
3784
3792
3797
3806
3815
3824
3828
3834
3842
3848
3858
3866
3876
3888
3894
3901
3908
3913
3920
3931
3935
3948
3954
3960
3964
3969
3972
3984
3991
4003
4013
4020
4027
4035
4041
4049
4054
4071
4080
4087
4099
4108
4113
4119
4129
4134
4143
4149
4153
4162
4167
4176
4183
4198
4205
4213
4219
4225
4227
4232
4243
4249
4262
4269
4276
4281
4285
4289
4297
4300
4308
4317
4323
4331
4338
4351
4355
4363
4370
4381
4389
4396
4408
4416
4421
4427
4432
4439
4448
4456
4463
4469
4475
4481
4491
4495
4499
4507
4513
4519
4527
4536
4544
4549
4555
4560
4568
4576
4586
4592
4600
4604
4612
4624
4633
4642
4656
4664
4672
4676
4682
4692
4699
4704
4709
4722
4727
4735
4744
4752
4757
4761
4768
4774
4783
4788
4798
4804
4813
4820
4826
4837
4842
4854
4865
4873
4879
4885
4892
4897
4907
4917
4921
4929
4936
4947
4955
4958
4961
4965
4969
4974
4987
5001
5015
5024
5029
5038
5043
5048
5058
5066
5072
5080
5091
5103
5113
5121
5128
5134
5141
5147
5155
5168
5175
5186
5188
5202
5209
5216
5226
5233
5236
5246
5254
5257
5262
5277
5282
5290
5298
5309
5318
5324
5330
5343
5354
5361
5365
5375
5383
5392
5400
5408
5411
5417
5421
5428
5433
5440
5452
5456
5468
5478
5488
5496
5507
5514
5522
5526
5531
5540
5546
5552
5559
5568
5578
5586
5593
5601
5609
5617
5627
5633
5645
5652
5659
5671
5675
5688
5703
5709
5719
5725
5732
5741
5752
5760
5768
5777
5795
5806
5813
5823
5833
5839
5847
5857
5866
5876
5885
5892
5896
5907
5913
5926
5935
5945
5958
5964
5982
5988
5994
6002
6012
6022
6033
6039
6048
6059
6070
6079
6090
6097
6109
6114
6123
6133
6138
6145
6149
6156
6162
6171
6183
6193
6200
6215
6221
6231
6235
6241
6253
6259
6264
6271
6281
6290
6298
6311
6318
6323
6329
6338
6346
6353
6357
6364
6375
6384
6392
6400
6408
6420
6427
6434
6447
6452
6459
6466
6478
6484
6496
6501
6509
6523
6533
6547
6552
6567
6571
6579
6591
6598
6614
6622
6627
6643
6655
6669
6679
6686
6696
6702
6715
6721
6734
6745
6756
6760
6768
6774
6787
6794
6810
6815
6818
6824
6837
6844
6855
6859
6869
6880
6893
6908
6921
6929
6935
6945
6959
6963
6971
6986
6996
7004
7012
7021
7028
7037
7043
7061
7071
7084
7092
7103
7112
7122
7130
7137
7144
7153
7164
7177
7191
7199
7205
7212
7222
7233
7240
7251
7267
7274
7285
7297
7312
7322
7330
7339
7345
7358
7372
7376
7387
7401
7410
7416
7425
7432
7443
7455
7461
7472
7483
7493
7503
7519
7530
7538
7546
7555
7568
7575
7586
7593
7604
7618
7627
7641
7650
7662
7668
7679
7685
7694
7702
7713
7725
7738
7752
7762
7776
7787
7799
7806
7812
7817
7827
7843
7853
7858
7868
7878
7887
7905
7911
7920
7932
7940
7950
7960
7972
7981
7990
7997
8011
8021
8031
8039
8053
8067
8076
8090
8102
8112
8119
8128
8139
8150
8162
8177
8183
8193
8206
8216
8227
8236
8248
8255
8267
8275
8287
8295
8303
8313
8324
8330
8341
8349
8362
8373
8381
8392
8401
8407
8410
8418
8430
8437
8449
8456
8468
8472
8480
8489
8498
8510
8521
8527
8536
8546
8553
8556
8565
8577
8590
8601
8607
8617
8631
8641
8652
8665
8677
8682
8691
8701
8712
8719
8728
8738
8755
8762
8778
8793
8808
8814
8828
8840
8846
8853
8863
8878
8888
8902
8913
8925
8933
8939
8945
8958
8965
8971
8979
8991
9000
9016
9021
9033
9047
9054
9063
9075
9083
9090
9105
9121
9133
9145
9159
9169
9185
9195
9204
9220
9228
9243
9252
9259
9276
9292
9304
9313
9328
9337
9350
9361
9380
9388
9401
9427
9439
9451
9465
9480
9488
9502
9511
9521
9531
9541
9551
9569
9581
9592
9610
9620
9626
9640
9652
9661
9674
9686
9690
9697
9711
9718
9730
9744
9756
9764
9777
9785
9797
9805
9817
9829
9837
9847
9856
9873
9889
9897
9911
9918
9932
9943
9951
9966
9975
9982
9990
10002
10016
10029
10041
10049
10063
10072
10081
10089
10100
10115
10120
10137
10154
10164
10177
10187
10200
10208
10219
10229
10238
10245
10261
10270
10281
10289
10300
10316
10329
10338
10351
10365
10382
10393
10403
10416
10427
10440
10451
10464
10475
10489
10501
10510
10523
10531
10542
10553
10564
10574
10586
10600
10614
10623
10636
10652
10660
10670
10679
10690
10704
10712
10722
10735
10747
10758
10775
10787
10795
10810
10822
10831
10838
10851
10863
10873
10883
10901
10911
10917
10930
10941
10950
10960
10973
10987
10997
11014
11027
11033
11051
11062
11077
11088
11100
11109
11117
11130
11152
11165
11174
11182
11199
11214
11218
11235
11250
11266
11277
11288
11302
11322
11340
11357
11362
11373
11382
11395
11412
11432
11442
11450
11467
11478
11490
11506
11511
11523
11535
11547
11556
11567
11576
11586
11599
11604
11614
11630
11645
11654
11662
11670
11681
11693
11703
11713
11725
11738
11753
11770
11778
11792
11799
11812
11827
11836
11852
11864
11871
11886
11900
11914
11923
11935
11948
11958
11968
11979
11982
11994
12009
12016
12028
12040
12052
12066
12085
12096
12108
12127
12137
12152
12164
12176
12187
12199
12213
12222
12237
12249
12262
12277
12292
12305
12319
12333
12341
12353
12363
12375
12391
12408
12416
12430
12436
12448
12461
12471
12485
12501
12513
12530
12543
12550
12566
12575
12584
12602
12611
12622
12633
12646
12657
12672
12683
12699
12715
12733
12736
12746
12766
12785
12798
12811
12829
12843
12852
12862
12876
12890
12903
12920
12937
12949
12965
12979
12989
13002
13017
13029
13047
13060
13070
13084
13096
13108
13124
13139
13149
13166
13180
13194
13205
13221
13239
13256
13265
13288
13307
13328
13342
13350
13363
13376
13384
13390
13404
13416
13428
13436
13448
13457
13473
13485
13495
13500
13518
13533
13537
13546
13563
13579
13592
13602
13615
13634
13648
13659
13680
13694
13702
13716
13735
13748
13762
13773
13784
13805
13812
13826
13838
13849
13855
13868
13881
13893
13905
13919
13932
13946
13956
13973
13984
14002
14016
14025
14035
14043
14061
14079
14089
14104
14115
14125
14135
14143
14158
14174
14183
14202
14214
14225
14236
14253
14267
14277
14285
14295
14298
14304
14320
14333
14347
14361
14370
14378
14394
14405
14419
14430
14442
14453
14465
14475
14490
14511
14520
14534
14545
14559
14574
14590
14596
14610
14625
14638
14652
14666
14674
14690
14701
14714
14725
14743
14757
14774
14791
14805
14817
14825
14838
14845
14861
14871
14879
14893
14905
14917
14931
14948
14962
14974
14986
15007
15025
15038
15051
15060
15075
15085
15100
15107
15129
15140
15156
15171
15191
15205
15221
15230
15239
15258
15265
15286
15302
15312
15326
15343
15358
15373
15380
15399
15411
15427
15440
15452
15465
15485
15507
15524
15535
15551
15561
15569
15576
15590
15605
15621
15634
15649
15669
15685
15702
15723
15735
15749
15759
15770
15781
15801
15810
15829
15848
15863
15879
15886
15901
15919
15934
15953
15972
15989
15998
16014
16033
16050
16059
16077
16091
16102
16113
16128
16142
16151
16168
16179
16191
16209
16223
16238
16257
16275
16288
16300
16317
16330
16351
16368
16378
16392
16404
16413
16427
16439
16462
16471
16488
16501
16516
16527
16538
16556
16571
16589
16602
16611
16620
16631
16644
16659
16678
16691
16712
16724
16737
16750
16763
16778
16795
16814
16829
16843
16858
16879
16892
16905
16921
16936
16947
16963
16976
16990
16999
17012
17034
17051
17062
17078
17091
17108
17123
17135
17147
17163
17171
17184
17202
17223
17242
17255
17261
17276
17290
17302
17320
17340
17354
17368
17383
17405
17418
17430
17448
17457
17479
17491
17504
17515
17526
17544
17557
17573
17582
17597
17609
17627
17632
17645
17660
17675
17684
17694
17707
17718
17741
17755
17772
17787
17804
17818
17836
17852
17867
17890
17908
17929
17946
17974
17994
18009
18024
18037
18055
18073
18089
18104
18126
18144
18166
18185
18201
18226
18245
18268
18281
18286
18300
18319
18337
18352
18368
18387
18409
18424
18438
18452
18467
18486
18496
18516
18530
18544
18552
18562
18575
18589
18603
18623
18635
18648
18660
18671
18684
18701
18715
18729
18745
18763
18781
18800
18818
18839
18849
18872
18886
18902
18914
18935
18941
18958
18978
18995
19006
19020
19038
19056
19067
19094
19112
19121
19134
19149
19162
19177
19198
19211
19227
19239
19250
19265
19275
19295
19316
19339
19358
19376
19392
19412
19435
19449
19464
19472
19491
19511
19521
19536
19549
19568
19582
19602
19619
19637
19655
19671
19690
19704
19717
19733
19744
19757
19766
19776
19786
19806
19821
19835
19847
19862
19884
19909
19927
19939
19950
19959
19972
19987
20002
20013
20037
20047
20065
20078
20093
20108
20124
20142
20154
20169
20183
20199
20214
20237
20255
20283
20300
20318
20338
20357
20369
20380
20392
20414
20432
20446
20462
20481
20492
20508
20523
20540
20561
20571
20586
20592
20606
20622
20641
20663
20678
20701
20722
20739
20751
20766
20781
20801
20822
20845
20864
20888
20904
20919
20934
20949
20970
20996
21010
21022
21039
21058
21075
21089
21109
21126
21137
21152
21168
21182
21200
21217
21234
21253
21270
21292
21310
21322
21339
21354
21367
21383
21393
21404
21414
21429
21455
21473
21494
21512
21532
21546
21566
21586
21598
21613
21629
21646
21663
21676
21694
21711
21735
21747
21767
21779
21797
21819
21836
21846
21866
21884
21899
21914
21937
21950
21966
21981
21993
22001
22010
22019
22041
22054
22077
22093
22114
22135
22153
22170
22190
22208
22229
22245
22261
22275
22294
22317
22336
22354
22360
22372
22380
22392
22407
22420
22432
22452
22470
22483
22492
22511
22528
22545
22570
22586
22599
22616
22630
22644
22662
22680
22703
22725
22743
22765
22783
22793
22810
22830
22848
22861
22877
22896
22910
22922
22940
22956
22974
22994
23012
23031
23045
23063
23081
23101
23114
23129
23146
23159
23177
23192
23200
23214
23234
23248
23256
23269
23282
23300
23322
23344
23356
23372
23391
23406
23423
23447
23464
23488
23512
23525
23547
23571
23587
23610
23629
23650
23670
23683
23701
23721
23747
23766
23781
23796
23810
23829
23847
23859
23873
23893
23921
23939
23962
23982
23998
24012
24025
24037
24054
24070
24084
24101
24120
24140
24157
24173
24199
24214
24229
24244
24266
24280
24300
24324
24343
24356
24366
24379
24397
24416
24435
24457
24473
24498
24514
24529
24555
24565
24592
24613
24629
24649
24678
24694
24721
24739
24747
24769
24780
24799
24816
24842
24863
24873
24892
24910
24928
24945
24962
24976
24991
25008
25021
25036
25060
25080
25098
25112
25134
25159
25177
25195
25206
25224
25241
25261
25271
25290
25308
25332
25354
25370
25383
25400
25413
25427
25447
25460
25475
25498
25516
25530
25545
25558
25574
25588
25607
25620
25633
25651
25672
25687
25703
25715
25728
25742
25756
25772
25790
25805
25823
25847
25866
25881
25900
25919
25931
25955
25970
25988
26007
26022
26037
26049
26066
26083
26107
26116
26134
26146
26166
26187
26206
26222
26238
26252
26279
26297
26322
26339
26353
26376
26395
26415
26430
26452
26466
26482
26507
26526
26545
26560
26577
26595
26604
26618
26639
26655
26669
26691
26711
26728
26741
26761
26776
26798
26823
26842
26866
26891
26906
26928
26943
26962
26981
27002
27019
27033
27052
27074
27086
27105
27126
27144
27165
27187
27197
27210
27234
27250
27267
27288
27309
27326
27337
27352
27375
27389
27413
27434
27451
27472
27490
27504
27526
27543
27566
27586
27605
27629
27645
27656
27681
27703
27725
27744
27774
27793
27814
27840
27862
27881
27902
27923
27943
27959
27978
27994
28012
28044
28065
28077
28097
28115
28138
28150
28162
28176
28198
28213
28229
28249
28272
28287
28312
28322
28335
28351
28363
28383
28400
28415
28438
28454
28466
28483
28503
28528
28542
28565
28578
28596
28615
28633
28654
28679
28694
28710
28730
28746
28766
28782
28801
28822
28838
28856
28872
28881
28902
28920
28938
28957
28983
29000
29024
29041
29066
29081
29093
29117
29134
29150
29165
29181
29197
29221
29240
29261
29286
29306
29325
29338
29355
29374
29397
29415
29429
29447
29465
29487
29500
29521
29535
29555
29581
29589
29605
29630
29659
29674
29696
29711
29722
29748
29764
29781
29793
29805
29823
29849
29868
29893
29911
29935
29955
29967
29977
29992
30017
30034
30059
30077
30097
30124
30141
30156
30181
30201
30222
30240
30260
30278
30298
30310
30326
30338
30356
30383
30400
30418
30444
30460
30490
30515
30535
30557
30572
30600
30624
30638
30649
30670
30692
30721
30744
30768
30789
30807
30827
30841
30866
30885
30904
30918
30938
30957
30978
30997
31008
31025
31044
31067
31089
31102
31133
31159
31175
31196
31219
31244
31257
31270
31291
31325
31344
31366
31388
31408
31431
31452
31467
31487
31504
31528
31548
31568
31582
31604
31623
31639
31656
31672
31686
31706
31729
31739
31762
31781
31800
31817
31833
31853
31876
31898
31907
31933
31954
31974
31993
32007
32032
32047
32066
32082
32095
32112
32132
32152
32170
32192
32215
32232
32248
32269
32292
32314
32335
32349
32368
32391
32416
32438
32457
32480
32506
32525
32546
32568
32585
32603
32630
32647
32666
32703
32718
32738
32761
32788
32809
32836
32857
32884
32903
32921
32944
32962
32981
32997
33019
33034
33046
33064
33084
33098
33119
33137
33161
33179
33201
33221
33248
33270
33282
33303
33322
33336
33356
33377
33398
33415
33436
33453
33463
33479
33498
33514
33530
33554
33569
33591
33610
33632
33657
33679
33700
33722
33739
33759
33788
33809
33828
33854
33869
33891
33912
33939
33966
33984
34005
34023
34038
34065
34091
34111
34136
34165
34180
34209
34232
34255
34271
34284
34306
34328
34348
34363
34382
34399
34423
34444
34462
34478
34500
34516
34551
34575
34593
34614
34642
34664
34685
34703
34726
34749
34766
34788
34809
34827
34849
34867
34885
34906
34926
34945
34964
34984
35005
35023
35041
35068
35084
35100
35121
35144
35160
35176
35191
35207
35222
35244
35270
35284
35307
35324
35345
35360
35386
35413
35432
35454
35473
35489
35510
35533
35556
35576
35602
35624
35639
35660
35684
35705
35729
35746
35767
35785
35804
35826
35854
35877
35895
35912
35930
35949
35969
35991
36010
36034
36052
36072
36097
36118
36143
36166
36194
36213
36232
36256
36271
36291
36313
36337
36360
36383
36408
36428
36442
36457
36480
36498
36513
36533
36557
36576
36606
36627
36649
36667
36686
36707
36727
36751
36769
36792
36816
36839
36871
36891
36916
36936
36963
36977
37005
37024
37046
37063
37087
37107
37130
37153
37175
37196
37218
37247
37279
37302
37329
37355
37376
37392
37419
37445
37469
37497
37513
37538
37558
37576
37597
37620
37643
37665
37687
37707
37732
37752
37772
37799
37829
37851
37871
37893
37908
37933
37957
37970
37988
38004
38029
38056
38077
38102
38119
38140
38163
38187
38200
38225
38246
38272
38291
38318
38342
38364
38380
38407
38432
38457
38480
38496
38517
38536
38558
38584
38607
38629
38653
38675
38698
38723
38744
38767
38793
38818
38841
38862
38882
38909
38931
38948
38964
38997
39018
39043
39069
39095
39115
39132
39150
39168
39190
39206
39228
39247
39265
39289
39307
39333
39346
39366
39381
39407
39441
39463
39489
39509
39529
39553
39574
39598
39619
39650
39672
39700
39724
39759
39776
39800
39818
39836
39855
39882
39905
39924
39944
39960
39978
39996
40019
40038
40066
40087
40105
40126
40149
40186
40213
40233
40254
40284
40317
40332
40352
40365
40384
40402
40424
40446
40480
40505
40522
40536
40557
40581
40601
40622
40643
40667
40695
40712
40739
40760
40778
40797
40824
40849
40871
40890
40903
40916
40944
40968
40981
40995
41018
41047
41071
41092
41116
41141
41171
41192
41205
41223
41251
41268
41289
41310
41330
41357
41385
41408
41426
41452
41480
41494
41516
41540
41562
41577
